
------- Starting Log at: 10/11/2024, 15:32:04
This Arduino Board: Arduino Leonardo (COM4) on Port: COM4
90960,1452,767,3600,100,C,1460
90961,1452,764,3600,100,C,1454
90962,1452,766,3600,100,C,1458
90963,1452,766,3600,100,C,1458
90964,1452,766,3600,100,C,1458
90965,1452,766,3600,100,C,1458
90966,1452,766,3600,100,C,1458
90967,1452,766,3600,100,C,1458
90968,1452,766,3600,100,C,1458
90969,1452,766,3600,100,C,1458
90970,1452,766,3600,100,C,1458
90971,1452,766,3600,100,C,1458
90972,1452,766,3600,100,C,1458
90973,1452,765,3600,100,C,1456
90974,1452,765,3600,100,C,1456
90975,1452,765,3600,100,C,1456
90976,1452,765,3600,100,C,1456
90977,1452,765,3600,100,C,1456
90978,1452,765,3600,100,C,1456
90979,1452,765,3600,100,C,1456
90980,1452,765,3600,100,C,1456
90981,1452,765,3600,100,C,1456
PC: '135W Load 15A Max
Unknown command ['135W Load 15A Max].
H for Help

90982,1452,765,3600,100,C,1456
90983,1452,765,3600,100,C,1456
90984,1452,765,3600,100,C,1456
90985,1452,766,3600,100,C,1458
90986,1453,767,3600,100,C,1460
90987,1453,767,3600,100,C,1460
90988,1453,767,3600,100,C,1460
90989,1453,766,3600,100,C,1458
90990,1453,766,3600,100,C,1458
90991,1453,767,3600,100,C,1460
90992,1453,766,3600,100,C,1458
90993,1453,766,3600,100,C,1458
90994,1453,766,3600,100,C,1458
90995,1453,766,3600,100,C,1458

------- Starting Log at: 10/11/2024, 15:32:47
This Arduino Board: Arduino Leonardo (COM4) on Port: COM4
91003,1452,766,3600,100,C,1458
91004,1452,763,3600,100,C,1452
91005,1452,765,3600,100,C,1456
91006,1452,765,3600,100,C,1456
91007,1452,765,3600,100,C,1456
91008,1452,765,3600,100,C,1456
91009,1452,765,3600,100,C,1456
91010,1452,765,3600,100,C,1456
91011,1452,765,3600,100,C,1456
91012,1452,765,3600,100,C,1456
91013,1452,765,3600,100,C,1456
91014,1452,765,3600,100,C,1456
91015,1452,765,3600,100,C,1456
91016,1452,765,3600,100,C,1456
91017,1452,765,3600,100,C,1456
91018,1452,765,3600,100,C,1456
91019,1452,764,3600,100,C,1454
91020,1452,764,3600,100,C,1454
91021,1452,764,3600,100,C,1454
91022,1452,764,3600,100,C,1454
91023,1452,764,3600,100,C,1454
91024,1452,764,3600,100,C,1454
91025,1452,764,3600,100,C,1454
91026,1452,764,3600,100,C,1454
91027,1452,764,3600,100,C,1454
91028,1452,764,3600,100,C,1454
PC: '135W Load 15A Max
Unknown command ['135W Load 15A Max].
H for Help

91029,1452,764,3600,100,C,1454
91030,1452,764,3600,100,C,1454
91031,1447,744,3600,100,D,1416
91032,1438,725,3600,100,D,1380
91033,1428,714,3600,100,D,1359
91034,1417,706,3600,100,D,1344
91035,1406,700,3600,100,D,1332
91036,1395,695,3600,100,D,1323
91037,1385,691,3600,100,D,1315
91038,1375,688,3600,100,D,1309
91039,1366,686,3348,93,D,1306
91040,1357,683,2916,81,D,1300
91041,1349,682,2520,70,D,1298
91042,1342,680,2196,61,D,1294
91043,1335,679,1872,52,D,1292
91044,1329,678,1584,44,D,1290
91045,1323,677,1296,36,D,1288
91046,1318,676,1044,29,D,1287
91047,1313,675,792,22,D,1285
91048,1309,675,684,19,D,1285
91049,1305,674,684,19,D,1283
91050,1302,674,648,18,D,1283
91051,1299,674,648,18,D,1283
91052,1296,673,648,18,D,1281
91053,1294,673,648,18,D,1281
91054,1292,673,612,17,D,1281
91055,1290,673,612,17,D,1281
91056,1288,673,612,17,D,1281
91057,1287,673,612,17,D,1281
91058,1286,672,612,17,D,1279
91059,1285,672,576,16,D,1279
91060,1284,672,576,16,D,1279
91061,1283,672,576,16,D,1279
91062,1282,672,576,16,D,1279
91063,1281,672,576,16,D,1279
91064,1280,672,576,16,D,1279
91065,1279,672,576,16,D,1279
91066,1279,672,576,16,D,1279
91067,1279,672,576,16,D,1279
91068,1279,672,576,16,D,1279
91069,1279,672,576,16,D,1279
91070,1279,672,576,16,D,1279
91071,1279,672,576,16,D,1279
91072,1279,672,576,16,D,1279
91073,1279,672,576,16,D,1279
91074,1279,672,576,16,D,1279
91075,1278,671,576,16,D,1277
91076,1277,671,576,16,D,1277
91077,1277,671,576,16,D,1277
91078,1277,671,576,16,D,1277
91079,1277,671,576,16,D,1277
91080,1277,672,576,16,D,1279
91081,1277,671,576,16,D,1277
91082,1277,671,576,16,D,1277
91083,1277,671,576,16,D,1277
91084,1277,671,576,16,D,1277
91085,1277,671,576,16,D,1277
91086,1277,671,576,16,D,1277
91087,1277,671,576,16,D,1277
91088,1277,671,576,16,D,1277
91089,1277,671,576,16,D,1277
91090,1277,671,576,16,D,1277
91091,1277,671,576,16,D,1277
91092,1277,671,576,16,D,1277
91093,1277,671,576,16,D,1277
91094,1277,671,576,16,D,1277
91095,1277,671,576,16,D,1277
91096,1277,671,576,16,D,1277
91097,1277,671,576,16,D,1277
91098,1277,671,576,16,D,1277
91099,1277,671,576,16,D,1277
91100,1277,671,576,16,D,1277
91101,1277,671,576,16,D,1277
91102,1277,671,576,16,D,1277
91103,1277,671,576,16,D,1277
91104,1277,671,576,16,D,1277
91105,1277,671,576,16,D,1277
91106,1277,671,576,16,D,1277
91107,1277,671,576,16,D,1277
91108,1277,671,576,16,D,1277
91109,1276,670,540,15,D,1275
91110,1275,670,540,15,D,1275
91111,1275,671,540,15,D,1277
91112,1275,670,540,15,D,1275
91113,1275,670,540,15,D,1275
91114,1275,670,540,15,D,1275
91115,1275,670,540,15,D,1275
91116,1275,670,540,15,D,1275
91117,1275,670,540,15,D,1275
91118,1275,670,540,15,D,1275
91119,1275,670,540,15,D,1275
91120,1275,670,540,15,D,1275
91121,1275,670,540,15,D,1275
91122,1275,670,540,15,D,1275
91123,1275,670,540,15,D,1275
91124,1275,670,540,15,D,1275
91125,1275,670,540,15,D,1275
91126,1275,670,540,15,D,1275
91127,1275,670,540,15,D,1275
91128,1275,670,540,15,D,1275
91129,1275,670,540,15,D,1275
91130,1275,670,540,15,D,1275
91131,1275,670,540,15,D,1275
91132,1275,670,540,15,D,1275
91133,1275,670,540,15,D,1275
91134,1275,670,540,15,D,1275
91135,1275,670,540,15,D,1275
91136,1275,670,540,15,D,1275
91137,1275,670,540,15,D,1275
91138,1275,670,540,15,D,1275
91139,1275,670,540,15,D,1275
91140,1274,669,540,15,D,1273
91141,1273,669,540,15,D,1273
91142,1273,669,540,15,D,1273
91143,1273,669,540,15,D,1273
91144,1273,669,540,15,D,1273
91145,1273,669,540,15,D,1273
91146,1273,669,540,15,D,1273
91147,1273,669,540,15,D,1273
91148,1273,669,540,15,D,1273
91149,1273,669,540,15,D,1273
91150,1273,669,540,15,D,1273
91151,1273,669,540,15,D,1273
91152,1273,669,540,15,D,1273
91153,1273,669,540,15,D,1273
91154,1273,669,540,15,D,1273
91155,1273,669,540,15,D,1273
91156,1273,669,540,15,D,1273
91157,1273,669,540,15,D,1273
91158,1273,669,540,15,D,1273
91159,1273,669,540,15,D,1273
91160,1273,669,540,15,D,1273
91161,1273,669,540,15,D,1273
91162,1273,669,540,15,D,1273
91163,1273,669,540,15,D,1273
91164,1273,669,540,15,D,1273
91165,1273,669,540,15,D,1273
91166,1273,669,540,15,D,1273
91167,1273,669,540,15,D,1273
91168,1273,669,540,15,D,1273
91169,1273,669,540,15,D,1273
91170,1273,669,540,15,D,1273
91171,1273,669,540,15,D,1273
91172,1273,669,540,15,D,1273
91173,1273,669,540,15,D,1273
91174,1272,668,540,15,D,1271
91175,1271,668,540,15,D,1271
91176,1271,668,540,15,D,1271
91177,1271,668,540,15,D,1271
91178,1271,668,540,15,D,1271
91179,1271,668,540,15,D,1271
91180,1271,668,540,15,D,1271
91181,1271,668,540,15,D,1271
91182,1271,668,540,15,D,1271
91183,1271,668,540,15,D,1271
91184,1271,668,540,15,D,1271
91185,1271,668,540,15,D,1271
91186,1271,668,540,15,D,1271
91187,1271,668,540,15,D,1271
91188,1271,668,540,15,D,1271
91189,1271,668,540,15,D,1271
91190,1271,668,540,15,D,1271
91191,1271,668,540,15,D,1271
91192,1271,668,540,15,D,1271
91193,1271,668,540,15,D,1271
91194,1271,668,540,15,D,1271
91195,1271,668,540,15,D,1271
91196,1271,668,540,15,D,1271
91197,1271,668,540,15,D,1271
91198,1271,668,540,15,D,1271
91199,1271,668,540,15,D,1271
91200,1271,668,540,15,D,1271
91201,1271,668,540,15,D,1271
91202,1271,668,540,15,D,1271
91203,1271,668,540,15,D,1271
91204,1271,668,540,15,D,1271
91205,1271,668,540,15,D,1271
91206,1271,668,540,15,D,1271
91207,1271,668,540,15,D,1271
91208,1271,668,540,15,D,1271
91209,1270,667,504,14,D,1269
91210,1269,667,504,14,D,1269
91211,1269,667,504,14,D,1269
91212,1269,667,504,14,D,1269
91213,1269,667,504,14,D,1269
91214,1269,667,504,14,D,1269
91215,1269,667,504,14,D,1269
91216,1269,667,504,14,D,1269
91217,1269,667,504,14,D,1269
91218,1269,667,504,14,D,1269
91219,1269,667,504,14,D,1269
91220,1269,667,504,14,D,1269
91221,1269,667,504,14,D,1269
91222,1269,667,504,14,D,1269
91223,1269,667,504,14,D,1269
91224,1269,667,504,14,D,1269
91225,1269,667,504,14,D,1269
91226,1269,667,504,14,D,1269
91227,1269,667,504,14,D,1269
91228,1269,667,504,14,D,1269
91229,1269,667,504,14,D,1269
91230,1269,667,504,14,D,1269
91231,1269,667,504,14,D,1269
91232,1269,667,504,14,D,1269
91233,1269,667,504,14,D,1269
91234,1269,667,504,14,D,1269
91235,1269,667,504,14,D,1269
91236,1269,667,504,14,D,1269
91237,1269,667,504,14,D,1269
91238,1269,667,504,14,D,1269
91239,1269,667,504,14,D,1269
91240,1269,667,504,14,D,1269
91241,1269,667,504,14,D,1269
91242,1269,667,504,14,D,1269
91243,1268,666,504,14,D,1268
91244,1268,667,504,14,D,1269
91245,1268,666,504,14,D,1268
91246,1268,666,504,14,D,1268
91247,1268,666,504,14,D,1268
91248,1268,666,504,14,D,1268
91249,1268,666,504,14,D,1268
91250,1268,666,504,14,D,1268
91251,1268,666,504,14,D,1268
91252,1268,666,504,14,D,1268
91253,1268,666,504,14,D,1268
91254,1268,666,504,14,D,1268
91255,1268,666,504,14,D,1268
91256,1268,666,504,14,D,1268
91257,1268,666,504,14,D,1268
91258,1268,666,504,14,D,1268
91259,1268,666,504,14,D,1268
91260,1268,666,504,14,D,1268
91261,1268,666,504,14,D,1268
91262,1268,666,504,14,D,1268
91263,1268,666,504,14,D,1268
91264,1268,666,504,14,D,1268
91265,1268,666,504,14,D,1268
91266,1268,666,504,14,D,1268
91267,1268,666,504,14,D,1268
91268,1268,666,504,14,D,1268
91269,1268,666,504,14,D,1268
91270,1268,666,504,14,D,1268
91271,1268,666,504,14,D,1268
91272,1268,666,504,14,D,1268
91273,1268,666,504,14,D,1268
91274,1268,666,504,14,D,1268
91275,1268,666,504,14,D,1268
91276,1268,666,504,14,D,1268
91277,1268,666,504,14,D,1268
91278,1268,666,504,14,D,1268
91279,1268,666,504,14,D,1268
91280,1267,665,504,14,D,1266
91281,1266,665,504,14,D,1266
91282,1266,665,504,14,D,1266
91283,1266,665,504,14,D,1266
91284,1266,665,504,14,D,1266
91285,1266,665,504,14,D,1266
91286,1266,665,504,14,D,1266
91287,1266,665,504,14,D,1266
91288,1266,665,504,14,D,1266
91289,1266,665,504,14,D,1266
91290,1266,665,504,14,D,1266
91291,1266,665,504,14,D,1266
91292,1266,665,504,14,D,1266
91293,1266,665,504,14,D,1266
91294,1266,665,504,14,D,1266
91295,1266,665,504,14,D,1266
91296,1266,665,504,14,D,1266
91297,1266,665,504,14,D,1266
91298,1266,665,504,14,D,1266
91299,1266,665,504,14,D,1266
91300,1266,665,504,14,D,1266
91301,1266,665,504,14,D,1266
91302,1266,665,504,14,D,1266
91303,1266,665,504,14,D,1266
91304,1266,665,504,14,D,1266
91305,1266,665,504,14,D,1266
91306,1266,665,504,14,D,1266
91307,1266,665,504,14,D,1266
91308,1266,665,504,14,D,1266
91309,1266,665,504,14,D,1266
91310,1266,665,504,14,D,1266
91311,1266,665,504,14,D,1266
91312,1266,665,504,14,D,1266
91313,1266,665,504,14,D,1266
91314,1266,665,504,14,D,1266
91315,1265,664,504,14,D,1264
91316,1265,665,504,14,D,1266
91317,1265,665,504,14,D,1266
91318,1265,665,504,14,D,1266
91319,1264,664,504,14,D,1264
91320,1264,664,504,14,D,1264
91321,1264,664,504,14,D,1264
91322,1264,664,504,14,D,1264
91323,1264,664,504,14,D,1264
91324,1264,664,504,14,D,1264
91325,1264,664,504,14,D,1264
91326,1264,664,504,14,D,1264
91327,1264,664,504,14,D,1264
91328,1264,664,504,14,D,1264
91329,1264,664,504,14,D,1264
91330,1264,664,504,14,D,1264
91331,1264,664,504,14,D,1264
91332,1264,664,504,14,D,1264
91333,1264,664,504,14,D,1264
91334,1264,664,504,14,D,1264
91335,1264,664,504,14,D,1264
91336,1264,664,504,14,D,1264
91337,1264,664,504,14,D,1264
91338,1264,664,504,14,D,1264
91339,1264,664,504,14,D,1264
91340,1264,664,504,14,D,1264
91341,1264,664,504,14,D,1264
91342,1264,664,504,14,D,1264
91343,1264,664,504,14,D,1264
91344,1264,664,504,14,D,1264
91345,1264,664,504,14,D,1264
91346,1264,664,504,14,D,1264
91347,1264,664,504,14,D,1264
91348,1264,664,504,14,D,1264
91349,1264,664,504,14,D,1264
91350,1264,664,504,14,D,1264
91351,1264,664,504,14,D,1264
91352,1263,663,504,14,D,1262
91353,1263,664,504,14,D,1264
91354,1262,663,504,14,D,1262
91355,1262,663,504,14,D,1262
91356,1262,663,504,14,D,1262
91357,1262,663,504,14,D,1262
91358,1262,663,504,14,D,1262
91359,1262,663,504,14,D,1262
91360,1262,663,504,14,D,1262
91361,1262,663,504,14,D,1262
91362,1262,663,504,14,D,1262
91363,1262,663,504,14,D,1262
91364,1262,663,504,14,D,1262
91365,1261,661,468,13,D,1258
91366,1261,663,468,13,D,1262
91367,1261,663,468,13,D,1262
91368,1261,663,468,13,D,1262
91369,1261,663,468,13,D,1262
91370,1261,663,468,13,D,1262
91371,1261,663,468,13,D,1262
91372,1261,663,468,13,D,1262
91373,1261,663,468,13,D,1262
91374,1261,663,468,13,D,1262
91375,1261,663,468,13,D,1262
91376,1261,663,468,13,D,1262
91377,1261,663,468,13,D,1262
91378,1261,663,468,13,D,1262
91379,1261,663,468,13,D,1262
91380,1261,663,468,13,D,1262
91381,1261,663,468,13,D,1262
91382,1261,663,468,13,D,1262
91383,1261,663,468,13,D,1262
91384,1261,663,468,13,D,1262
91385,1260,662,468,13,D,1260
91386,1260,662,468,13,D,1260
91387,1260,662,468,13,D,1260
91388,1260,662,468,13,D,1260
91389,1260,662,468,13,D,1260
91390,1260,662,468,13,D,1260
91391,1260,662,468,13,D,1260
91392,1260,662,468,13,D,1260
91393,1260,662,468,13,D,1260
91394,1260,662,468,13,D,1260
91395,1260,662,468,13,D,1260
91396,1260,662,468,13,D,1260
91397,1260,662,468,13,D,1260
91398,1260,662,468,13,D,1260
91399,1260,662,468,13,D,1260
91400,1260,662,468,13,D,1260
91401,1260,662,468,13,D,1260
91402,1260,662,468,13,D,1260
91403,1260,662,468,13,D,1260
91404,1260,662,468,13,D,1260
91405,1260,662,468,13,D,1260
91406,1260,662,468,13,D,1260
91407,1260,662,468,13,D,1260
91408,1260,662,468,13,D,1260
91409,1260,662,468,13,D,1260
91410,1260,662,468,13,D,1260
91411,1260,662,468,13,D,1260
91412,1260,662,468,13,D,1260
91413,1260,662,468,13,D,1260
91414,1260,662,468,13,D,1260
91415,1260,662,468,13,D,1260
91416,1259,661,468,13,D,1258
91417,1258,661,468,13,D,1258
91418,1258,661,468,13,D,1258
91419,1258,661,468,13,D,1258
91420,1258,661,468,13,D,1258
91421,1258,661,468,13,D,1258
91422,1258,661,468,13,D,1258
91423,1258,661,468,13,D,1258
91424,1258,661,468,13,D,1258
91425,1258,661,468,13,D,1258
91426,1258,661,468,13,D,1258
91427,1258,661,468,13,D,1258
91428,1258,661,468,13,D,1258
91429,1258,661,468,13,D,1258
91430,1258,661,468,13,D,1258
91431,1258,661,468,13,D,1258
91432,1258,661,468,13,D,1258
91433,1258,661,468,13,D,1258
91434,1258,661,468,13,D,1258
91435,1258,661,468,13,D,1258
91436,1258,661,468,13,D,1258
91437,1258,661,468,13,D,1258
91438,1258,661,468,13,D,1258
91439,1258,661,468,13,D,1258
91440,1258,661,468,13,D,1258
91441,1258,661,468,13,D,1258
91442,1258,661,468,13,D,1258
91443,1257,660,468,13,D,1256
91444,1256,660,468,13,D,1256
91445,1256,660,468,13,D,1256
91446,1256,661,468,13,D,1258
91447,1256,660,468,13,D,1256
91448,1256,660,468,13,D,1256
91449,1256,660,468,13,D,1256
91450,1256,660,468,13,D,1256
91451,1256,660,468,13,D,1256
91452,1256,660,468,13,D,1256
91453,1256,660,468,13,D,1256
91454,1256,660,468,13,D,1256
91455,1256,660,468,13,D,1256
91456,1256,660,468,13,D,1256
91457,1256,660,468,13,D,1256
91458,1256,660,468,13,D,1256
91459,1256,660,468,13,D,1256
91460,1256,660,468,13,D,1256
91461,1256,660,468,13,D,1256
91462,1256,660,468,13,D,1256
91463,1256,660,468,13,D,1256
91464,1256,660,468,13,D,1256
91465,1256,660,468,13,D,1256
91466,1256,660,468,13,D,1256
91467,1256,660,468,13,D,1256
91468,1256,660,468,13,D,1256
91469,1255,659,468,13,D,1254
91470,1254,659,468,13,D,1254
91471,1254,660,468,13,D,1256
91472,1254,659,468,13,D,1254
91473,1254,659,468,13,D,1254
91474,1254,659,468,13,D,1254
91475,1254,659,468,13,D,1254
91476,1254,659,468,13,D,1254
91477,1254,659,468,13,D,1254
91478,1254,659,468,13,D,1254
91479,1254,659,468,13,D,1254
91480,1254,659,468,13,D,1254
91481,1254,659,468,13,D,1254
91482,1254,659,468,13,D,1254
91483,1254,659,468,13,D,1254
91484,1254,659,468,13,D,1254
91485,1254,659,468,13,D,1254
91486,1254,659,468,13,D,1254
91487,1254,659,468,13,D,1254
91488,1254,659,468,13,D,1254
91489,1254,659,468,13,D,1254
91490,1253,658,468,13,D,1252
91491,1252,658,432,12,D,1252
91492,1252,658,432,12,D,1252
91493,1252,658,432,12,D,1252
91494,1252,658,432,12,D,1252
91495,1252,658,432,12,D,1252
91496,1252,658,432,12,D,1252
91497,1252,658,432,12,D,1252
91498,1252,658,432,12,D,1252
91499,1252,658,432,12,D,1252
91500,1252,658,432,12,D,1252
91501,1252,658,432,12,D,1252
91502,1252,658,432,12,D,1252
91503,1252,658,432,12,D,1252
91504,1252,658,432,12,D,1252
91505,1252,658,432,12,D,1252
91506,1252,658,432,12,D,1252
91507,1252,658,432,12,D,1252
91508,1251,657,432,12,D,1250
91509,1250,657,432,12,D,1250
91510,1250,657,432,12,D,1250
91511,1250,657,432,12,D,1250
91512,1250,657,432,12,D,1250
91513,1250,657,432,12,D,1250
91514,1250,657,432,12,D,1250
91515,1250,657,432,12,D,1250
91516,1250,657,432,12,D,1250
91517,1250,657,432,12,D,1250
91518,1250,657,432,12,D,1250
91519,1250,657,432,12,D,1250
91520,1250,657,432,12,D,1250
91521,1250,657,432,12,D,1250
91522,1250,657,432,12,D,1250
91523,1250,657,432,12,D,1250
91524,1250,657,432,12,D,1250
91525,1250,657,432,12,D,1250
91526,1249,656,432,12,D,1249
91527,1249,656,432,12,D,1249
91528,1249,656,432,12,D,1249
91529,1249,656,432,12,D,1249
91530,1249,656,432,12,D,1249
91531,1249,656,432,12,D,1249
91532,1249,656,432,12,D,1249
91533,1249,656,432,12,D,1249
91534,1249,656,432,12,D,1249
91535,1249,656,432,12,D,1249
91536,1249,656,432,12,D,1249
91537,1249,656,432,12,D,1249
91538,1249,656,432,12,D,1249
91539,1249,656,432,12,D,1249
91540,1249,656,432,12,D,1249
91541,1249,656,432,12,D,1249
91542,1249,656,432,12,D,1249
91543,1248,655,432,12,D,1247
91544,1247,655,432,12,D,1247
91545,1247,655,432,12,D,1247
91546,1247,655,432,12,D,1247
91547,1247,655,432,12,D,1247
91548,1247,655,432,12,D,1247
91549,1247,655,432,12,D,1247
91550,1247,655,432,12,D,1247
91551,1247,657,432,12,D,1250
91552,1247,657,432,12,D,1250
91553,1247,657,432,12,D,1250
91554,1247,657,432,12,D,1250
91555,1247,657,432,12,D,1250
91556,1247,656,432,12,D,1249
91557,1247,656,432,12,D,1249
91558,1247,656,432,12,D,1249
91559,1247,656,432,12,D,1249
91560,1247,656,432,12,D,1249
91561,1247,656,432,12,D,1249
91562,1247,656,432,12,D,1249
91563,1247,656,432,12,D,1249
91564,1247,656,432,12,D,1249
91565,1247,656,432,12,D,1249
91566,1247,656,432,12,D,1249
91567,1247,655,432,12,D,1247
91568,1247,655,432,12,D,1247
91569,1247,655,432,12,D,1247
91570,1247,655,432,12,D,1247
91571,1247,655,432,12,D,1247
91572,1247,655,432,12,D,1247
91573,1247,655,432,12,D,1247
91574,1247,655,432,12,D,1247
91575,1247,655,432,12,D,1247
91576,1247,655,432,12,D,1247
91577,1247,655,432,12,D,1247
91578,1247,655,432,12,D,1247
91579,1247,655,432,12,D,1247
91580,1247,655,432,12,D,1247
91581,1246,654,432,12,D,1245
91582,1245,654,432,12,D,1245
91583,1245,654,432,12,D,1245
91584,1245,654,432,12,D,1245
91585,1245,654,432,12,D,1245
91586,1245,654,432,12,D,1245
91587,1245,654,432,12,D,1245
91588,1245,654,432,12,D,1245
91589,1245,654,432,12,D,1245
91590,1245,654,432,12,D,1245
91591,1245,654,432,12,D,1245
91592,1244,653,432,12,D,1243
91593,1243,653,396,11,D,1243
91594,1243,653,396,11,D,1243
91595,1243,653,396,11,D,1243
91596,1243,653,396,11,D,1243
91597,1243,653,396,11,D,1243
91598,1243,653,396,11,D,1243
91599,1243,653,396,11,D,1243
91600,1243,653,396,11,D,1243
91601,1243,653,396,11,D,1243
91602,1243,653,396,11,D,1243
91603,1242,652,396,11,D,1241
91604,1241,652,396,11,D,1241
91605,1241,652,396,11,D,1241
91606,1241,652,396,11,D,1241
91607,1241,652,396,11,D,1241
91608,1241,652,396,11,D,1241
91609,1241,652,396,11,D,1241
91610,1241,652,396,11,D,1241
91611,1241,652,396,11,D,1241
91612,1241,652,396,11,D,1241
91613,1241,652,396,11,D,1241
91614,1240,651,396,11,D,1239
91615,1239,651,396,11,D,1239
91616,1239,651,396,11,D,1239
91617,1239,651,396,11,D,1239
91618,1239,651,396,11,D,1239
91619,1239,651,396,11,D,1239
91620,1239,651,396,11,D,1239
91621,1239,651,396,11,D,1239
91622,1239,651,396,11,D,1239
91623,1238,650,396,11,D,1237
91624,1237,650,360,10,D,1237
91625,1237,650,360,10,D,1237
91626,1237,650,360,10,D,1237
91627,1237,650,360,10,D,1237
91628,1237,650,360,10,D,1237
91629,1237,650,360,10,D,1237
91630,1237,650,360,10,D,1237
91631,1237,650,360,10,D,1237
91632,1237,650,360,10,D,1237
91633,1236,649,360,10,D,1235
91634,1235,649,360,10,D,1235
91635,1235,649,360,10,D,1235
91636,1235,649,360,10,D,1235
91637,1235,649,360,10,D,1235
91638,1235,649,360,10,D,1235
91639,1235,649,360,10,D,1235
91640,1235,649,360,10,D,1235
91641,1235,649,360,10,D,1235
91642,1234,648,360,10,D,1233
91643,1233,648,360,10,D,1233
91644,1233,648,360,10,D,1233
91645,1233,648,360,10,D,1233
91646,1233,648,360,10,D,1233
91647,1233,648,360,10,D,1233
91648,1233,648,360,10,D,1233
91649,1233,648,360,10,D,1233
91650,1232,647,360,10,D,1231
91651,1232,648,360,10,D,1233
91652,1231,647,360,10,D,1231
91653,1231,647,360,10,D,1231
91654,1231,647,360,10,D,1231
91655,1231,647,360,10,D,1231
91656,1231,647,360,10,D,1231
91657,1231,647,360,10,D,1231
91658,1231,647,360,10,D,1231
91659,1230,646,360,10,D,1229
91660,1229,646,360,10,D,1229
91661,1229,646,360,10,D,1229
91662,1229,646,360,10,D,1229
91663,1229,646,360,10,D,1229
91664,1229,646,360,10,D,1229
91665,1229,646,360,10,D,1229
91666,1228,645,324,9,D,1228
91667,1228,645,324,9,D,1228
91668,1228,645,324,9,D,1228
91669,1228,645,324,9,D,1228
91670,1228,645,324,9,D,1228
91671,1228,645,324,9,D,1228
91672,1228,645,324,9,D,1228
91673,1227,644,324,9,D,1226
91674,1226,644,324,9,D,1226
91675,1226,644,324,9,D,1226
91676,1226,644,324,9,D,1226
91677,1226,644,324,9,D,1226
91678,1225,643,324,9,D,1224
91679,1224,643,324,9,D,1224
91680,1224,643,324,9,D,1224
91681,1224,643,324,9,D,1224
91682,1224,643,324,9,D,1224
91683,1224,643,324,9,D,1224
91684,1223,642,324,9,D,1222
91685,1222,642,324,9,D,1222
91686,1222,642,324,9,D,1222
91687,1222,642,324,9,D,1222
91688,1222,642,324,9,D,1222
91689,1221,641,324,9,D,1220
91690,1220,641,324,9,D,1220
91691,1220,641,324,9,D,1220
91692,1220,641,324,9,D,1220
91693,1219,640,288,8,D,1218
91694,1218,640,288,8,D,1218
91695,1218,640,288,8,D,1218
91696,1218,640,288,8,D,1218
91697,1217,639,288,8,D,1216
91698,1216,639,288,8,D,1216
91699,1216,639,288,8,D,1216
91700,1215,638,288,8,D,1214
91701,1214,638,288,8,D,1214
91702,1214,638,288,8,D,1214
91703,1213,637,288,8,D,1212
91704,1212,637,288,8,D,1212
91705,1212,637,288,8,D,1212
91706,1211,636,288,8,D,1210
91707,1210,636,288,8,D,1210
91708,1209,635,288,8,D,1209
91709,1209,635,288,8,D,1209
91710,1208,634,288,8,D,1207
91711,1207,634,288,8,D,1207
91712,1206,633,288,8,D,1205
91713,1205,633,288,8,D,1205
91714,1204,632,288,8,D,1203
91715,1203,630,288,8,D,1199
91716,1202,631,288,8,D,1201
91717,1201,631,288,8,D,1201
91718,1200,630,288,8,D,1199
91719,1199,629,288,8,D,1197
91720,1198,628,252,7,D,1195
91721,1197,628,252,7,D,1195
91722,1196,627,252,7,D,1193
91723,1195,626,252,7,D,1191
91724,1194,625,252,7,D,1190
91725,1193,625,252,7,D,1190
91726,1192,624,252,7,D,1188
91727,1191,623,252,7,D,1186
91728,1190,622,252,7,D,1184
91729,1189,621,252,7,D,1182
91730,1187,620,252,7,D,1180
91731,1185,619,252,7,D,1178
91732,1183,618,252,7,D,1176
91733,1181,617,252,7,D,1174
91734,1179,615,252,7,D,1170
91735,1177,614,252,7,D,1169
91736,1175,613,252,7,D,1167
91737,1173,612,216,6,D,1165
91738,1171,610,216,6,D,1161
91739,1169,609,216,6,D,1159
91740,1167,607,216,6,D,1155
91741,1165,606,216,6,D,1153
91742,1165,612,216,6,D,1165
91743,1165,613,216,6,D,1167
91744,1163,607,216,6,D,1155
91745,1163,612,216,6,D,1165
91746,1162,609,216,6,D,1159
91747,1161,610,216,6,D,1161
91748,1161,610,216,6,D,1161
91749,1161,610,216,6,D,1161
91750,1160,609,216,6,D,1159
91751,1159,609,216,6,D,1159
91752,1158,608,216,6,D,1157
91753,1157,608,216,6,D,1157
91754,1156,607,216,6,D,1155
91755,1155,606,216,6,D,1153
91756,1154,605,216,6,D,1151
91757,1153,604,180,5,D,1150
91758,1152,603,180,5,D,1148
91759,1151,601,180,5,D,1144
91760,1149,600,180,5,D,1142
91761,1147,599,180,5,D,1140
91762,1147,604,180,5,D,1150
91763,1146,602,180,5,D,1146
91764,1145,599,180,5,D,1140
91765,1144,601,180,5,D,1144
91766,1144,602,180,5,D,1146
91767,1143,600,180,5,D,1142
91768,1142,597,180,5,D,1136
91769,1141,596,180,5,D,1134
91770,1140,598,180,5,D,1138
91771,1139,598,180,5,D,1138
91772,1138,594,180,5,D,1131
91773,1136,592,180,5,D,1127
91774,1135,593,180,5,D,1129
91775,1134,594,180,5,D,1131
91776,1132,591,144,4,D,1125
91777,1130,587,144,4,D,1117
91778,1128,587,144,4,D,1117
91779,1126,588,144,4,D,1119
91780,1124,587,144,4,D,1117
91781,1122,583,144,4,D,1110
91782,1120,581,144,4,D,1106
91783,1118,582,144,4,D,1108
91784,1116,582,144,4,D,1108
91785,1114,578,144,4,D,1100
91786,1111,574,144,4,D,1092
91787,1108,574,108,3,D,1092
91788,1106,575,108,3,D,1094
91789,1103,572,108,3,D,1089
91790,1100,567,108,3,D,1079
91791,1096,564,108,3,D,1073
91792,1093,565,108,3,D,1075
91793,1090,564,108,3,D,1073
91794,1086,558,72,2,D,1062
91795,1081,553,72,2,D,1052
91796,1077,552,72,2,D,1051
91797,1073,551,72,2,D,1049
91798,1068,545,72,2,D,1037
91799,1062,536,36,1,D,1020
91800,1055,529,36,1,D,1007
91801,1048,525,36,1,D,999
91802,1040,520,0,0,D,990
91803,1032,516,0,0,D,982
91804,1026,520,0,0,D,990
91805,1022,525,0,0,D,999
91806,1016,514,0,0,D,978
91807,1012,519,0,0,D,988
91808,1010,526,0,0,D,1001
91809,1008,523,0,0,D,995
91810,1002,505,0,0,D,961
91811,1001,526,0,0,D,1001
91812,999,519,0,0,D,988
91813,999,527,0,0,D,1003
91814,997,519,0,0,D,988
91815,997,526,0,0,D,1001
91816,993,508,0,0,D,967
91817,993,524,0,0,D,997
91818,993,522,0,0,D,993
91819,992,520,0,0,D,990
91820,992,525,0,0,D,999
91821,992,523,0,0,D,995
91822,991,519,0,0,D,988
91823,991,524,0,0,D,997
91824,992,526,0,0,D,1001
91825,988,505,0,0,D,961
91826,988,521,0,0,D,992
91827,989,525,0,0,D,999
91828,990,527,0,0,D,1003
91829,985,501,0,0,D,954
91830,985,520,0,0,D,990
91831,986,524,0,0,D,997
91832,987,526,0,0,D,1001
91833,989,527,0,0,D,1003
91834,987,515,0,0,D,980
91835,987,521,0,0,D,992
91836,988,524,0,0,D,997
91837,989,525,0,0,D,999
91838,990,527,0,0,D,1003
91839,987,508,0,0,D,967
91840,987,520,0,0,D,990
91841,987,522,0,0,D,993
91842,988,524,0,0,D,997
91843,989,526,0,0,D,1001
91844,990,527,0,0,D,1003
91845,985,500,0,0,D,952
91846,985,519,0,0,D,988
91847,986,522,0,0,D,993
91848,987,523,0,0,D,995
91849,988,525,0,0,D,999
91850,989,526,0,0,D,1001
91851,990,527,0,0,D,1003
91852,985,501,0,0,D,954
91853,985,518,0,0,D,986
91854,985,521,0,0,D,992
91855,986,523,0,0,D,995
91856,987,524,0,0,D,997
91857,988,525,0,0,D,999
91858,989,526,0,0,D,1001
91859,990,527,0,0,D,1003
91860,985,499,0,0,D,950
91861,985,518,0,0,D,986
91862,985,521,0,0,D,992
91863,986,522,0,0,D,993
91864,987,524,0,0,D,997
91865,988,525,0,0,D,999
91866,989,526,0,0,D,1001
91867,990,526,0,0,D,1001
91868,991,527,0,0,D,1003
91869,988,508,0,0,D,967
91870,987,516,0,0,D,982
91871,987,520,0,0,D,990
91872,987,522,0,0,D,993
91873,988,523,0,0,D,995
91874,989,524,0,0,D,997
91875,990,525,0,0,D,999
91876,991,526,0,0,D,1001
91877,992,526,0,0,D,1001
91878,993,527,0,0,D,1003
91879,994,527,0,0,D,1003
91880,991,512,0,0,D,974
91881,990,518,0,0,D,986
91882,990,521,0,0,D,992
91883,990,522,0,0,D,993
91884,990,523,0,0,D,995
91885,990,524,0,0,D,997
91886,991,525,0,0,D,999
91887,992,525,0,0,D,999
91888,993,526,0,0,D,1001
91889,994,527,0,0,D,1003
91890,995,527,0,0,D,1003
91891,994,521,0,0,D,992
91892,992,514,0,0,D,978
91893,991,519,0,0,D,988
91894,991,521,0,0,D,992
91895,991,522,0,0,D,993
91896,991,523,0,0,D,995
91897,991,524,0,0,D,997
91898,991,524,0,0,D,997
91899,992,525,0,0,D,999
91900,993,526,0,0,D,1001
91901,994,526,0,0,D,1001
91902,995,527,0,0,D,1003
91903,996,527,0,0,D,1003
91904,996,527,0,0,D,1003
91905,993,512,0,0,D,974
91906,992,518,0,0,D,986
91907,991,520,0,0,D,990
91908,991,521,0,0,D,992
91909,991,522,0,0,D,993
91910,991,523,0,0,D,995
91911,991,524,0,0,D,997
91912,992,525,0,0,D,999
91913,992,525,0,0,D,999
91914,993,526,0,0,D,1001
91915,994,526,0,0,D,1001
91916,994,526,0,0,D,1001
91917,995,527,0,0,D,1003
91918,996,527,0,0,D,1003
91919,991,504,0,0,D,959
91920,989,516,0,0,D,982
91921,988,519,0,0,D,988
91922,988,520,0,0,D,990
91923,988,522,0,0,D,993
91924,988,523,0,0,D,995
91925,988,523,0,0,D,995
91926,989,524,0,0,D,997
91927,990,524,0,0,D,997
91928,991,525,0,0,D,999
91929,992,525,0,0,D,999
91930,993,526,0,0,D,1001
91931,994,526,0,0,D,1001
91932,995,527,0,0,D,1003
91933,996,527,0,0,D,1003
91934,996,527,0,0,D,1003
91936,990,498,0,0,D,948
91936,989,516,0,0,D,982
91938,988,519,0,0,D,988
91938,988,520,0,0,D,990
91940,988,521,0,0,D,992
91940,988,522,0,0,D,993
91942,988,523,0,0,D,995
91943,989,524,0,0,D,997
91944,990,524,0,0,D,997
91945,991,525,0,0,D,999
91946,992,525,0,0,D,999
91947,992,525,0,0,D,999
91948,993,526,0,0,D,1001
91949,994,526,0,0,D,1001
91950,995,527,0,0,D,1003
91951,996,527,0,0,D,1003
91952,996,527,0,0,D,1003
91953,993,513,0,0,D,976
91954,991,514,0,0,D,978
91955,990,518,0,0,D,986
91956,990,520,0,0,D,990
91957,990,521,0,0,D,992
91958,990,522,0,0,D,993
91959,990,523,0,0,D,995
91960,990,523,0,0,D,995
91961,990,524,0,0,D,997
91962,990,524,0,0,D,997
91963,991,525,0,0,D,999
91964,992,525,0,0,D,999
91965,992,525,0,0,D,999
91966,993,526,0,0,D,1001
91967,994,526,0,0,D,1001
91968,994,526,0,0,D,1001
91969,995,527,0,0,D,1003
91970,996,527,0,0,D,1003
91971,996,527,0,0,D,1003
91972,995,523,0,0,D,995
91973,992,514,0,0,D,978
91974,991,518,0,0,D,986
91975,990,520,0,0,D,990
91976,990,521,0,0,D,992
91977,990,522,0,0,D,993
91978,990,522,0,0,D,993
91979,990,523,0,0,D,995
91980,990,523,0,0,D,995
91981,990,524,0,0,D,997
91982,990,524,0,0,D,997
91983,991,525,0,0,D,999
91984,992,525,0,0,D,999
91985,992,525,0,0,D,999
91986,993,526,0,0,D,1001
91987,994,526,0,0,D,1001
91988,994,526,0,0,D,1001
91989,994,526,0,0,D,1001
91990,995,527,0,0,D,1003
91991,996,527,0,0,D,1003
91992,996,527,0,0,D,1003
91993,990,500,0,0,D,952
91994,988,515,0,0,D,980
91995,987,518,0,0,D,986
91996,987,520,0,0,D,990
91997,987,521,0,0,D,992
91998,987,521,0,0,D,992
91999,987,522,0,0,D,993
92000,988,523,0,0,D,995
92001,988,523,0,0,D,995
92002,989,524,0,0,D,997
92003,990,524,0,0,D,997
92004,990,524,0,0,D,997
92005,991,525,0,0,D,999
92006,992,525,0,0,D,999
92007,992,525,0,0,D,999
92008,993,526,0,0,D,1001
92009,994,526,0,0,D,1001
92010,994,526,0,0,D,1001
92011,994,526,0,0,D,1001
92012,995,527,0,0,D,1003
92013,996,527,0,0,D,1003
92014,996,527,0,0,D,1003
92015,996,527,0,0,D,1003
92016,991,503,0,0,D,957
92017,989,515,0,0,D,980
92018,988,518,0,0,D,986
92019,988,519,0,0,D,988
92020,988,520,0,0,D,990
92021,988,521,0,0,D,992
92022,988,522,0,0,D,993
92023,988,522,0,0,D,993
92024,988,523,0,0,D,995
92025,988,523,0,0,D,995
92026,989,524,0,0,D,997
92027,990,524,0,0,D,997
92028,990,524,0,0,D,997
92029,991,525,0,0,D,999
92030,992,525,0,0,D,999
92031,992,525,0,0,D,999
92032,992,525,0,0,D,999
92033,993,526,0,0,D,1001
92034,994,526,0,0,D,1001
92035,994,526,0,0,D,1001
92036,994,526,0,0,D,1001
92037,995,527,0,0,D,1003
92038,996,527,0,0,D,1003
92039,996,527,0,0,D,1003
92040,996,527,0,0,D,1003
92041,996,527,0,0,D,1003
92042,992,508,0,0,D,967
92043,990,516,0,0,D,982
92044,989,518,0,0,D,986
92045,989,520,0,0,D,990
92046,989,521,0,0,D,992
92047,989,521,0,0,D,992
92048,989,522,0,0,D,993
92049,989,522,0,0,D,993
92050,989,523,0,0,D,995
92051,989,523,0,0,D,995
92052,990,524,0,0,D,997
92053,990,524,0,0,D,997
92054,990,524,0,0,D,997
92055,990,524,0,0,D,997
92056,991,525,0,0,D,999
92057,992,525,0,0,D,999
92058,992,525,0,0,D,999
92059,992,525,0,0,D,999
92060,993,526,0,0,D,1001
92061,994,526,0,0,D,1001
92062,994,524,0,0,D,997
92063,994,526,0,0,D,1001
92064,994,526,0,0,D,1001
92065,995,527,0,0,D,1003
92066,996,527,0,0,D,1003
92067,996,527,0,0,D,1003
92068,996,527,0,0,D,1003
92069,996,527,0,0,D,1003
92070,989,496,0,0,D,944
92071,987,515,0,0,D,980
92072,986,518,0,0,D,986
92073,986,519,0,0,D,988
92074,986,520,0,0,D,990
92075,986,521,0,0,D,992
92076,986,521,0,0,D,992
92077,986,522,0,0,D,993
92078,986,522,0,0,D,993
92079,987,523,0,0,D,995
92080,988,523,0,0,D,995
92081,988,523,0,0,D,995
92082,989,524,0,0,D,997
92083,990,524,0,0,D,997
92084,990,524,0,0,D,997
92085,990,524,0,0,D,997
92086,991,525,0,0,D,999
92087,992,525,0,0,D,999
92088,992,525,0,0,D,999
92089,992,525,0,0,D,999
92090,993,526,0,0,D,1001
92091,994,526,0,0,D,1001
92092,994,526,0,0,D,1001
92093,994,526,0,0,D,1001
92094,994,526,0,0,D,1001
92095,994,526,0,0,D,1001
92096,995,527,0,0,D,1003
92097,996,527,0,0,D,1003
92098,996,527,0,0,D,1003
92099,996,527,0,0,D,1003
92100,996,527,0,0,D,1003
92101,996,527,0,0,D,1003
92102,992,509,0,0,D,969
92103,990,516,0,0,D,982
92104,989,518,0,0,D,986
92105,988,519,0,0,D,988
92106,988,520,0,0,D,990
92107,988,521,0,0,D,992
92108,988,521,0,0,D,992
92109,988,522,0,0,D,993
92110,988,522,0,0,D,993
92111,988,522,0,0,D,993
92112,988,523,0,0,D,995
92113,988,523,0,0,D,995
92114,988,523,0,0,D,995
92115,989,524,0,0,D,997
92116,990,524,0,0,D,997
92117,990,524,0,0,D,997
92118,990,524,0,0,D,997
92119,990,524,0,0,D,997
92120,991,525,0,0,D,999
92121,992,525,0,0,D,999
92122,992,525,0,0,D,999
92123,992,525,0,0,D,999
92124,992,525,0,0,D,999
92125,993,526,0,0,D,1001
92126,994,526,0,0,D,1001
92127,994,526,0,0,D,1001
92128,994,526,0,0,D,1001
92129,994,526,0,0,D,1001
92130,994,526,0,0,D,1001
92131,994,526,0,0,D,1001
92132,995,527,0,0,D,1003
92133,996,527,0,0,D,1003
92134,996,527,0,0,D,1003
92135,996,527,0,0,D,1003
92136,996,527,0,0,D,1003
92137,996,527,0,0,D,1003
92138,990,502,0,0,D,955
92139,988,515,0,0,D,980
92140,987,518,0,0,D,986
92141,987,519,0,0,D,988
92142,987,520,0,0,D,990
92143,987,520,0,0,D,990
92144,987,521,0,0,D,992
92145,987,521,0,0,D,992
92146,987,522,0,0,D,993
92147,987,522,0,0,D,993
92148,987,522,0,0,D,993
92149,988,523,0,0,D,995
92150,988,523,0,0,D,995
92151,988,523,0,0,D,995
92152,988,523,0,0,D,995
92153,989,524,0,0,D,997
92154,990,524,0,0,D,997
92155,990,524,0,0,D,997
92156,990,524,0,0,D,997
92157,990,524,0,0,D,997
92158,991,525,0,0,D,999
92159,992,525,0,0,D,999
92160,992,525,0,0,D,999
92161,992,525,0,0,D,999
92162,992,525,0,0,D,999
92163,993,526,0,0,D,1001
92164,994,526,0,0,D,1001
92165,994,526,0,0,D,1001
92166,994,526,0,0,D,1001
92167,994,526,0,0,D,1001
92168,994,526,0,0,D,1001
92169,994,526,0,0,D,1001
92170,995,527,0,0,D,1003
92171,996,527,0,0,D,1003
92172,996,527,0,0,D,1003
92173,996,527,0,0,D,1003
92174,996,527,0,0,D,1003
92175,996,527,0,0,D,1003
92176,996,527,0,0,D,1003
92177,996,527,0,0,D,1003
92178,989,495,0,0,D,942
92179,987,514,0,0,D,978
92180,986,517,0,0,D,984
92181,986,518,0,0,D,986
92182,986,519,0,0,D,988
92183,986,520,0,0,D,990
92184,986,520,0,0,D,990
92185,986,521,0,0,D,992
92186,986,521,0,0,D,992
92187,986,522,0,0,D,993
92188,986,522,0,0,D,993
92189,986,522,0,0,D,993
92190,987,523,0,0,D,995
92191,988,523,0,0,D,995
92192,988,523,0,0,D,995
92193,988,523,0,0,D,995
92194,988,523,0,0,D,995
92195,989,524,0,0,D,997
92196,990,524,0,0,D,997
92197,990,524,0,0,D,997
92198,990,524,0,0,D,997
92199,990,524,0,0,D,997
92200,990,524,0,0,D,997
92201,991,525,0,0,D,999
92202,992,525,0,0,D,999
92203,992,525,0,0,D,999
92204,992,525,0,0,D,999
92205,992,525,0,0,D,999
92206,992,525,0,0,D,999
92207,992,525,0,0,D,999
92208,993,526,0,0,D,1001
92209,994,526,0,0,D,1001
92210,994,526,0,0,D,1001
92211,994,526,0,0,D,1001
92212,994,526,0,0,D,1001
92213,994,526,0,0,D,1001
92214,994,526,0,0,D,1001
92215,995,527,0,0,D,1003
92216,996,527,0,0,D,1003
92217,996,527,0,0,D,1003
92218,996,527,0,0,D,1003
92219,996,527,0,0,D,1003
92220,996,527,0,0,D,1003
92221,996,527,0,0,D,1003
92222,996,527,0,0,D,1003
92223,996,527,0,0,D,1003
92224,990,499,0,0,D,950
92225,988,515,0,0,D,980
92226,987,517,0,0,D,984
92227,986,518,0,0,D,986
92228,986,519,0,0,D,988
92229,986,520,0,0,D,990
92230,986,520,0,0,D,990
92231,986,521,0,0,D,992
92232,986,521,0,0,D,992
92233,986,521,0,0,D,992
92234,986,522,0,0,D,993
92235,986,522,0,0,D,993
92236,986,522,0,0,D,993
92237,986,522,0,0,D,993
92238,987,523,0,0,D,995
92239,988,523,0,0,D,995
92240,988,523,0,0,D,995
92241,988,523,0,0,D,995
92242,988,523,0,0,D,995
92243,989,524,0,0,D,997
92244,990,524,0,0,D,997
92245,990,524,0,0,D,997
92246,990,524,0,0,D,997
92247,990,524,0,0,D,997
92248,990,524,0,0,D,997
92249,991,525,0,0,D,999
92250,992,525,0,0,D,999
92251,992,525,0,0,D,999
92252,992,525,0,0,D,999
92253,992,525,0,0,D,999
92254,992,525,0,0,D,999
92255,992,525,0,0,D,999
92256,992,525,0,0,D,999
92257,993,526,0,0,D,1001
92258,994,526,0,0,D,1001
92259,994,526,0,0,D,1001
92260,994,526,0,0,D,1001
92261,994,526,0,0,D,1001
92262,994,526,0,0,D,1001
92263,994,526,0,0,D,1001
92264,994,526,0,0,D,1001
92265,994,526,0,0,D,1001
92266,995,527,0,0,D,1003
92267,996,527,0,0,D,1003
92268,996,527,0,0,D,1003
92269,996,527,0,0,D,1003
92270,996,527,0,0,D,1003
92271,996,527,0,0,D,1003
92272,996,527,0,0,D,1003
92273,996,527,0,0,D,1003
92274,996,527,0,0,D,1003
92275,993,511,0,0,D,973
92276,990,512,0,0,D,974
92277,989,516,0,0,D,982
92278,988,517,0,0,D,984
92279,988,519,0,0,D,988
92280,988,519,0,0,D,988
92281,988,520,0,0,D,990
92282,988,520,0,0,D,990
92283,988,521,0,0,D,992
92284,988,521,0,0,D,992
92285,988,521,0,0,D,992
92286,988,522,0,0,D,993
92287,988,522,0,0,D,993
92288,988,522,0,0,D,993
92289,988,522,0,0,D,993
92290,988,522,0,0,D,993
92291,988,523,0,0,D,995
92292,988,523,0,0,D,995
92293,988,523,0,0,D,995
92294,988,523,0,0,D,995
92295,988,523,0,0,D,995
92296,988,523,0,0,D,995
92297,989,524,0,0,D,997
92298,990,524,0,0,D,997
92299,990,524,0,0,D,997
92300,990,524,0,0,D,997
92301,990,524,0,0,D,997
92302,990,524,0,0,D,997
92303,990,524,0,0,D,997
92304,991,525,0,0,D,999
92305,992,525,0,0,D,999
92306,992,525,0,0,D,999
92307,992,525,0,0,D,999
92308,992,525,0,0,D,999
92309,992,525,0,0,D,999
92310,992,525,0,0,D,999
92311,992,525,0,0,D,999
92312,992,525,0,0,D,999
92313,992,525,0,0,D,999
92314,993,526,0,0,D,1001
92315,994,526,0,0,D,1001
92316,994,526,0,0,D,1001
92317,994,526,0,0,D,1001
92318,994,526,0,0,D,1001
92319,994,526,0,0,D,1001
92320,994,526,0,0,D,1001
92321,994,526,0,0,D,1001
92322,994,526,0,0,D,1001
92323,994,526,0,0,D,1001
92324,994,526,0,0,D,1001
92325,995,527,0,0,D,1003
92326,996,527,0,0,D,1003
92327,996,527,0,0,D,1003
92328,996,527,0,0,D,1003
92329,996,527,0,0,D,1003
92330,996,527,0,0,D,1003
92331,996,527,0,0,D,1003
92332,996,527,0,0,D,1003
92333,996,527,0,0,D,1003
92334,996,527,0,0,D,1003
92335,992,508,0,0,D,967
92336,990,515,0,0,D,980
92337,989,517,0,0,D,984
92338,988,518,0,0,D,986
92339,988,519,0,0,D,988
92340,988,519,0,0,D,988
92341,988,520,0,0,D,990
92342,988,520,0,0,D,990
92343,988,520,0,0,D,990
92344,988,521,0,0,D,992
92345,988,521,0,0,D,992
92346,988,521,0,0,D,992
92347,988,522,0,0,D,993
92348,988,522,0,0,D,993
92349,988,522,0,0,D,993
92350,988,522,0,0,D,993
92351,988,522,0,0,D,993
92352,988,522,0,0,D,993
92353,988,523,0,0,D,995
92354,988,523,0,0,D,995
92355,988,523,0,0,D,995
92356,988,523,0,0,D,995
92357,988,523,0,0,D,995
92358,988,523,0,0,D,995
92359,988,523,0,0,D,995
92360,989,524,0,0,D,997
92361,990,524,0,0,D,997
92362,990,524,0,0,D,997
92363,990,524,0,0,D,997
92364,990,524,0,0,D,997
92365,990,524,0,0,D,997
92366,990,524,0,0,D,997
92367,990,524,0,0,D,997
92368,990,524,0,0,D,997
92369,991,525,0,0,D,999
92370,992,525,0,0,D,999
92371,992,525,0,0,D,999
92372,992,525,0,0,D,999
92373,992,525,0,0,D,999
92374,992,525,0,0,D,999
92375,992,525,0,0,D,999
92376,992,525,0,0,D,999
92377,992,525,0,0,D,999
92378,992,525,0,0,D,999
92379,993,526,0,0,D,1001
92380,994,526,0,0,D,1001
92381,994,526,0,0,D,1001
92382,994,526,0,0,D,1001
92383,994,526,0,0,D,1001
92384,994,526,0,0,D,1001
92385,994,526,0,0,D,1001
92386,994,526,0,0,D,1001
92387,994,526,0,0,D,1001
92388,994,526,0,0,D,1001
92389,994,526,0,0,D,1001
92390,994,526,0,0,D,1001
92391,994,526,0,0,D,1001
92392,995,527,0,0,D,1003
92393,996,527,0,0,D,1003
92394,996,527,0,0,D,1003
92395,996,527,0,0,D,1003
92396,996,527,0,0,D,1003
92397,996,527,0,0,D,1003
92398,996,527,0,0,D,1003
92399,996,527,0,0,D,1003
92400,996,527,0,0,D,1003
92401,996,527,0,0,D,1003
92402,996,527,0,0,D,1003
92403,996,527,0,0,D,1003
92404,996,527,0,0,D,1003
92405,995,523,0,0,D,995
92406,992,511,0,0,D,973
92407,990,515,0,0,D,980
92408,989,517,0,0,D,984
92409,988,518,0,0,D,986
92410,987,518,0,0,D,986
92411,986,517,0,0,D,984
92412,986,520,0,0,D,990
92413,986,520,0,0,D,990
92414,986,520,0,0,D,990
92415,986,521,0,0,D,992
92416,986,521,0,0,D,992
92417,986,521,0,0,D,992
92418,986,521,0,0,D,992
92419,986,521,0,0,D,992
92420,986,522,0,0,D,993
92421,986,522,0,0,D,993
92422,986,522,0,0,D,993
92423,986,522,0,0,D,993
92424,986,522,0,0,D,993
92425,986,522,0,0,D,993
92426,987,523,0,0,D,995
92427,988,523,0,0,D,995
92428,988,523,0,0,D,995
92429,988,523,0,0,D,995
92430,988,523,0,0,D,995
92431,988,523,0,0,D,995
92432,988,523,0,0,D,995
92433,988,523,0,0,D,995
92434,988,523,0,0,D,995
92435,989,524,0,0,D,997
92436,990,524,0,0,D,997
92437,990,524,0,0,D,997
92438,990,524,0,0,D,997
92439,990,524,0,0,D,997
92440,990,524,0,0,D,997
92441,990,524,0,0,D,997
92442,990,524,0,0,D,997
92443,990,524,0,0,D,997
92444,990,524,0,0,D,997
92445,990,524,0,0,D,997
92446,991,525,0,0,D,999
92447,992,525,0,0,D,999
92448,992,525,0,0,D,999
92449,992,525,0,0,D,999
92450,992,525,0,0,D,999
92451,992,525,0,0,D,999
92452,992,525,0,0,D,999
92453,992,525,0,0,D,999
92454,992,525,0,0,D,999
92455,992,525,0,0,D,999
92456,992,525,0,0,D,999
92457,992,525,0,0,D,999
92458,992,525,0,0,D,999
92459,993,526,0,0,D,1001
92460,994,526,0,0,D,1001
92461,994,526,0,0,D,1001
92462,994,526,0,0,D,1001
92463,994,526,0,0,D,1001
92464,994,526,0,0,D,1001
92465,994,526,0,0,D,1001
92466,994,526,0,0,D,1001
92467,994,526,0,0,D,1001
92468,994,526,0,0,D,1001
92469,994,526,0,0,D,1001
92470,994,526,0,0,D,1001
92471,994,526,0,0,D,1001
92472,994,526,0,0,D,1001
92473,994,526,0,0,D,1001
92474,995,527,0,0,D,1003
92475,996,527,0,0,D,1003
92476,996,527,0,0,D,1003
92477,996,527,0,0,D,1003
92478,996,527,0,0,D,1003
92479,996,527,0,0,D,1003
92480,996,527,0,0,D,1003
92481,996,527,0,0,D,1003
92482,996,527,0,0,D,1003
92483,996,527,0,0,D,1003
92484,996,527,0,0,D,1003
92485,996,527,0,0,D,1003
92486,996,527,0,0,D,1003
92487,996,527,0,0,D,1003
92488,996,527,0,0,D,1003
92489,996,527,0,0,D,1003
92490,996,527,0,0,D,1003
92491,993,513,0,0,D,976
92492,990,512,0,0,D,974
92493,988,515,0,0,D,980
92494,987,517,0,0,D,984
92495,986,518,0,0,D,986
92496,986,518,0,0,D,986
92497,986,519,0,0,D,988
92498,986,519,0,0,D,988
92499,986,520,0,0,D,990
92500,986,520,0,0,D,990
92501,986,520,0,0,D,990
92502,986,521,0,0,D,992
92503,986,521,0,0,D,992
92504,986,521,0,0,D,992
92505,986,521,0,0,D,992
92506,986,521,0,0,D,992
92507,986,522,0,0,D,993
92508,986,522,0,0,D,993
92509,986,522,0,0,D,993
92510,986,522,0,0,D,993
92511,986,522,0,0,D,993
92512,986,522,0,0,D,993
92513,986,522,0,0,D,993
92514,986,522,0,0,D,993
92515,987,523,0,0,D,995
92516,988,523,0,0,D,995
92517,988,523,0,0,D,995
92518,988,523,0,0,D,995
92519,988,523,0,0,D,995
92520,988,523,0,0,D,995
92521,988,523,0,0,D,995
92522,988,523,0,0,D,995
92523,988,523,0,0,D,995
92524,988,523,0,0,D,995
92525,988,523,0,0,D,995
92526,989,524,0,0,D,997
92527,990,524,0,0,D,997
92528,990,524,0,0,D,997
92529,990,524,0,0,D,997
92530,990,524,0,0,D,997
92531,990,524,0,0,D,997
92532,990,524,0,0,D,997
92533,990,524,0,0,D,997
92534,990,524,0,0,D,997
92535,990,524,0,0,D,997
92536,990,524,0,0,D,997
92537,990,524,0,0,D,997
92538,990,524,0,0,D,997
92539,990,524,0,0,D,997
92540,991,525,0,0,D,999
92541,992,525,0,0,D,999
92542,992,525,0,0,D,999
92543,992,525,0,0,D,999
92544,992,525,0,0,D,999
92545,992,525,0,0,D,999
92546,992,525,0,0,D,999
92547,992,525,0,0,D,999
PC: 'Load Off92548,992,525,0,0,D,999

Unknown command ['Load Off].
H for Help

92549,992,525,0,0,D,999
92550,992,525,0,0,D,999
92551,992,525,0,0,D,999
92552,992,525,0,0,D,999
92553,992,525,0,0,D,999
92554,992,525,0,0,D,999
92555,992,525,0,0,D,999
92556,992,525,0,0,D,999
92557,992,525,0,0,D,999
92558,993,526,0,0,D,1001
92559,994,526,0,0,D,1001
92560,994,526,0,0,D,1001
92561,994,526,0,0,D,1001
92562,994,526,0,0,D,1001
92563,994,526,0,0,D,1001
92564,994,526,0,0,D,1001
92565,994,526,0,0,D,1001
92566,994,526,0,0,D,1001
92567,994,526,0,0,D,1001
92568,994,526,0,0,D,1001
92569,994,526,0,0,D,1001
92570,994,526,0,0,D,1001
92571,994,526,0,0,D,1001
92572,994,526,0,0,D,1001
92573,994,526,0,0,D,1001
