
------- Starting Log at: 10/11/2024, 14:48:11
This Arduino Board: Arduino Leonardo (COM4) on Port: COM4
88327,994,524,0,0,D,997
88328,994,526,0,0,D,1001
88329,994,526,0,0,D,1001
88330,1000,550,0,0,D,1047
88331,1013,584,0,0,D,1111
88332,1027,591,0,0,D,1125
88333,1040,597,0,0,D,1136
88334,1053,602,36,1,D,1146
88335,1065,607,36,1,D,1155
88336,1077,611,72,2,D,1163
88337,1088,614,108,3,D,1169
88338,1098,617,108,3,D,1174
88339,1108,620,108,3,D,1180
88340,1117,623,144,4,D,1186
883PC: 'Fast Charge41,1126,626,144,4,D,1191

Unknown command ['Fast Charge].
H for Help

88342,1134,628,180,5,D,1195
88343,1142,631,180,5,D,1201
88344,1149,633,180,5,D,1205
88345,1156,635,216,6,D,1209
88346,1163,637,216,6,D,1212
88347,1169,639,216,6,D,1216
88348,1175,640,216,6,D,1218
88349,1180,642,252,7,D,1222
88350,1185,644,252,7,D,1226
88351,1190,645,252,7,D,1228
88352,1195,647,252,7,D,1231
88353,1199,648,288,8,D,1233
88354,1203,650,288,8,D,1237
88355,1207,651,288,8,D,1239
88356,1211,653,288,8,D,1243
88357,1215,654,288,8,D,1245
88358,1219,655,288,8,D,1247
88359,1222,656,324,9,D,1249
88360,1225,657,324,9,D,1250
88361,1228,659,324,9,D,1254
88362,1231,660,360,10,D,1256
88363,1234,661,360,10,D,1258
88364,1237,662,360,10,D,1260
88365,1240,663,396,11,D,1262
88366,1243,664,396,11,D,1264
88367,1245,665,396,11,D,1266
88368,1247,666,432,12,D,1268
88369,1249,667,432,12,D,1269
88370,1251,668,432,12,D,1271
88371,1253,669,432,12,D,1273
88372,1255,669,468,13,D,1273
88373,1257,670,468,13,D,1275
88374,1259,671,468,13,D,1277
88375,1261,672,468,13,D,1279
88376,1263,673,504,14,D,1281
88377,1265,674,504,14,D,1283
88378,1267,674,504,14,D,1283
88379,1269,675,504,14,D,1285
88380,1271,676,540,15,D,1287
88381,1273,677,540,15,D,1288
88382,1274,677,540,15,D,1288
88383,1276,678,540,15,D,1290
88384,1278,679,288,8,C,1292
88385,1279,679,288,8,C,1292
88386,1280,680,288,8,C,1294
88387,1282,681,288,8,C,1296
88388,1284,682,288,8,C,1298
88389,1285,682,288,8,C,1298
88390,1286,683,288,8,C,1300
88391,1288,684,288,8,C,1302
88392,1289,684,288,8,C,1302
88393,1290,685,288,8,C,1304
88394,1291,685,288,8,C,1304
88395,1292,686,288,8,C,1306
88396,1294,687,288,8,C,1308
88397,1295,687,288,8,C,1308
88398,1296,688,288,8,C,1309
88399,1297,688,288,8,C,1309
88400,1298,689,288,8,C,1311
88401,1299,689,288,8,C,1311
88402,1300,690,324,9,C,1313
88403,1301,690,324,9,C,1313
88404,1302,691,324,9,C,1315
88405,1303,691,324,9,C,1315
88406,1304,692,324,9,C,1317
88407,1305,692,324,9,C,1317
88408,1306,693,324,9,C,1319
88409,1307,693,324,9,C,1319
88410,1308,694,324,9,C,1321
88411,1309,694,360,10,C,1321
88412,1310,695,360,10,C,1323
88413,1311,695,360,10,C,1323
88414,1312,695,360,10,C,1323
88415,1313,696,360,10,C,1325
88416,1314,696,360,10,C,1325
88417,1315,697,360,10,C,1327
88418,1316,697,360,10,C,1327
88419,1317,697,360,10,C,1327
88420,1318,697,396,11,C,1327
88421,1319,698,396,11,C,1328
88422,1320,698,396,11,C,1328
88423,1321,698,396,11,C,1328
88424,1321,698,396,11,C,1328
88425,1322,699,396,11,C,1330
88426,1323,699,396,11,C,1330
88427,1323,699,396,11,C,1330
88428,1323,699,396,11,C,1330
88429,1323,699,396,11,C,1330
88430,1323,699,396,11,C,1330
88431,1324,700,396,11,C,1332
88432,1325,700,396,11,C,1332
88433,1325,700,396,11,C,1332
88434,1325,700,396,11,C,1332
88435,1325,700,396,11,C,1332
88436,1325,700,396,11,C,1332
88437,1325,700,396,11,C,1332
88438,1325,700,396,11,C,1332
88439,1326,701,396,11,C,1334
88440,1327,701,432,12,C,1334
88441,1327,701,432,12,C,1334
88442,1327,701,432,12,C,1334
88443,1327,701,432,12,C,1334
88444,1327,701,432,12,C,1334
88445,1327,701,432,12,C,1334
88446,1327,701,432,12,C,1334
88447,1327,701,432,12,C,1334
88448,1327,701,432,12,C,1334
88449,1327,701,432,12,C,1334
88450,1327,701,432,12,C,1334
88451,1327,701,432,12,C,1334
88452,1328,702,432,12,C,1336
88453,1328,701,432,12,C,1334
88454,1329,702,432,12,C,1336
88455,1329,702,432,12,C,1336
88456,1329,702,432,12,C,1336
88457,1329,702,432,12,C,1336
88458,1329,702,432,12,C,1336
88459,1329,702,432,12,C,1336
88460,1329,702,432,12,C,1336
88461,1329,702,432,12,C,1336
88462,1329,702,432,12,C,1336
88463,1329,702,432,12,C,1336
88464,1329,702,432,12,C,1336
88465,1329,702,432,12,C,1336
88466,1329,702,432,12,C,1336
88467,1330,703,432,12,C,1338
88468,1331,703,432,12,C,1338
88469,1331,703,432,12,C,1338
88470,1331,703,432,12,C,1338
88471,1331,703,432,12,C,1338
88472,1331,703,432,12,C,1338
88473,1331,703,432,12,C,1338
88474,1331,703,432,12,C,1338
88475,1331,703,432,12,C,1338
88476,1331,703,432,12,C,1338
88477,1331,703,432,12,C,1338
88478,1331,703,432,12,C,1338
88479,1331,703,432,12,C,1338
88480,1331,703,432,12,C,1338
88481,1331,703,432,12,C,1338
88482,1332,704,432,12,C,1340
88483,1333,704,468,13,C,1340
88484,1333,704,468,13,C,1340
88485,1333,704,468,13,C,1340
88486,1333,704,468,13,C,1340
88487,1333,704,468,13,C,1340
88488,1333,704,468,13,C,1340
88489,1333,704,468,13,C,1340
88490,1333,704,468,13,C,1340
88491,1333,704,468,13,C,1340
88492,1333,704,468,13,C,1340
88493,1334,705,468,13,C,1342
88494,1335,705,468,13,C,1342
88495,1335,705,468,13,C,1342
88496,1335,705,468,13,C,1342
88497,1335,705,468,13,C,1342
88498,1335,705,468,13,C,1342
88499,1335,705,468,13,C,1342
88500,1335,705,468,13,C,1342
88501,1335,705,468,13,C,1342
88502,1335,705,468,13,C,1342
88503,1336,706,468,13,C,1344
88504,1337,706,468,13,C,1344
88505,1337,706,468,13,C,1344
88506,1337,706,468,13,C,1344
88507,1337,706,468,13,C,1344
88508,1337,706,468,13,C,1344
88509,1337,706,468,13,C,1344
88510,1337,706,468,13,C,1344
88511,1337,706,468,13,C,1344
88512,1337,706,468,13,C,1344
88513,1338,707,468,13,C,1346
88514,1339,707,468,13,C,1346
88515,1339,707,468,13,C,1346
88516,1339,707,468,13,C,1346
88517,1339,707,468,13,C,1346
88518,1339,707,468,13,C,1346
88519,1339,707,468,13,C,1346
88520,1339,707,468,13,C,1346
88521,1339,707,468,13,C,1346
88522,1339,707,468,13,C,1346
88523,1339,707,468,13,C,1346
88524,1340,708,468,13,C,1347
88525,1340,708,468,13,C,1347
88526,1340,708,468,13,C,1347
88527,1340,708,468,13,C,1347
88528,1340,708,468,13,C,1347
88529,1340,708,468,13,C,1347
88530,1340,708,468,13,C,1347
88531,1340,708,468,13,C,1347
88532,1340,708,468,13,C,1347
88533,1340,708,468,13,C,1347
88534,1340,708,468,13,C,1347
88535,1341,709,468,13,C,1349
88536,1342,709,504,14,C,1349
88537,1342,709,504,14,C,1349
88538,1342,709,504,14,C,1349
88539,1342,709,504,14,C,1349
88540,1342,709,504,14,C,1349
88541,1342,709,504,14,C,1349
88542,1342,709,504,14,C,1349
88543,1342,709,504,14,C,1349
88544,1342,709,504,14,C,1349
88545,1343,710,504,14,C,1351
88546,1344,710,504,14,C,1351
88547,1344,710,504,14,C,1351
88548,1344,710,504,14,C,1351
88549,1344,710,504,14,C,1351
88550,1344,710,504,14,C,1351
88551,1344,710,504,14,C,1351
88552,1344,710,504,14,C,1351
88553,1344,710,504,14,C,1351
88554,1344,710,504,14,C,1351
88555,1344,710,504,14,C,1351
88556,1344,710,504,14,C,1351
88557,1345,711,504,14,C,1353
88558,1346,711,504,14,C,1353
88559,1346,711,504,14,C,1353
88560,1346,711,504,14,C,1353
88561,1346,711,504,14,C,1353
88562,1346,711,504,14,C,1353
88563,1346,711,504,14,C,1353
88564,1346,711,504,14,C,1353
88565,1346,711,504,14,C,1353
88566,1346,711,504,14,C,1353
88567,1346,711,504,14,C,1353
88568,1346,711,504,14,C,1353
88569,1347,712,504,14,C,1355
88570,1347,711,504,14,C,1353
88571,1348,712,504,14,C,1355
88572,1348,712,504,14,C,1355
88573,1348,712,504,14,C,1355
88574,1348,712,504,14,C,1355
88575,1348,712,504,14,C,1355
88576,1348,712,504,14,C,1355
88577,1348,712,504,14,C,1355
88578,1348,712,504,14,C,1355
88579,1348,712,504,14,C,1355
88580,1348,712,504,14,C,1355
88581,1348,712,504,14,C,1355
88582,1348,712,504,14,C,1355
88583,1348,712,504,14,C,1355
88584,1349,713,504,14,C,1357
88585,1350,713,504,14,C,1357
88586,1350,713,504,14,C,1357
88587,1350,713,504,14,C,1357
88588,1350,713,504,14,C,1357
88589,1350,713,504,14,C,1357
88590,1350,713,504,14,C,1357
88591,1350,713,504,14,C,1357
88592,1350,713,504,14,C,1357
88593,1350,713,504,14,C,1357
88594,1350,713,504,14,C,1357
88595,1350,713,504,14,C,1357
88596,1350,713,504,14,C,1357
88597,1350,713,504,14,C,1357
88598,1350,713,504,14,C,1357
88599,1351,714,540,15,C,1359
88600,1352,714,540,15,C,1359
88601,1352,714,540,15,C,1359
88602,1352,714,540,15,C,1359
88603,1352,714,540,15,C,1359
88604,1352,714,540,15,C,1359
88605,1352,714,540,15,C,1359
88606,1352,714,540,15,C,1359
88607,1352,714,540,15,C,1359
88608,1352,714,540,15,C,1359
88609,1352,714,540,15,C,1359
88610,1352,714,540,15,C,1359
88611,1352,714,540,15,C,1359
88612,1352,714,540,15,C,1359
88613,1352,714,540,15,C,1359
88614,1352,714,540,15,C,1359
88615,1352,714,540,15,C,1359
88616,1353,715,540,15,C,1361
88617,1354,715,540,15,C,1361
88618,1354,715,540,15,C,1361
88619,1354,715,540,15,C,1361
88620,1354,715,540,15,C,1361
88621,1354,715,540,15,C,1361
88622,1354,715,540,15,C,1361
88623,1354,715,540,15,C,1361
88624,1354,715,540,15,C,1361
88625,1354,715,540,15,C,1361
88626,1354,715,540,15,C,1361
88627,1354,715,540,15,C,1361
88628,1354,715,540,15,C,1361
88629,1354,715,540,15,C,1361
88630,1354,715,540,15,C,1361
88631,1354,715,540,15,C,1361
88632,1354,715,540,15,C,1361
88633,1355,716,540,15,C,1363
88634,1356,716,540,15,C,1363
88635,1356,716,540,15,C,1363
88636,1356,716,540,15,C,1363
88637,1356,716,540,15,C,1363
88638,1356,716,540,15,C,1363
88639,1356,716,540,15,C,1363
88640,1356,716,540,15,C,1363
88641,1356,716,540,15,C,1363
88642,1356,716,540,15,C,1363
88643,1356,716,540,15,C,1363
88644,1356,716,540,15,C,1363
88645,1356,716,540,15,C,1363
88646,1356,716,540,15,C,1363
88647,1356,716,540,15,C,1363
88648,1356,716,540,15,C,1363
88649,1356,716,540,15,C,1363
88650,1356,716,540,15,C,1363
88651,1356,716,540,15,C,1363
88652,1356,716,540,15,C,1363
88653,1356,716,540,15,C,1363
88654,1356,716,540,15,C,1363
88655,1356,716,540,15,C,1363
88656,1356,716,540,15,C,1363
88657,1356,716,540,15,C,1363
88658,1357,717,540,15,C,1365
88659,1358,717,540,15,C,1365
88660,1358,717,540,15,C,1365
88661,1358,717,540,15,C,1365
88662,1358,717,540,15,C,1365
88663,1358,717,540,15,C,1365
88664,1358,717,540,15,C,1365
88665,1358,717,540,15,C,1365
88666,1358,717,540,15,C,1365
88667,1358,717,540,15,C,1365
88668,1358,717,540,15,C,1365
88669,1358,717,540,15,C,1365
88670,1358,717,540,15,C,1365
88671,1358,717,540,15,C,1365
88672,1358,717,540,15,C,1365
88673,1358,717,540,15,C,1365
88674,1358,717,540,15,C,1365
88675,1358,717,540,15,C,1365
88676,1358,717,540,15,C,1365
88677,1358,715,540,15,C,1361
88678,1358,717,540,15,C,1365
88679,1358,717,540,15,C,1365
88680,1358,717,540,15,C,1365
88681,1358,717,540,15,C,1365
88682,1358,717,540,15,C,1365
88683,1358,717,540,15,C,1365
88684,1358,717,540,15,C,1365
88685,1358,717,540,15,C,1365
88686,1358,717,540,15,C,1365
88687,1358,717,540,15,C,1365
88688,1358,717,540,15,C,1365
88689,1358,717,540,15,C,1365
88690,1358,717,540,15,C,1365
88691,1358,717,540,15,C,1365
88692,1359,718,540,15,C,1367
88693,1360,718,576,16,C,1367
88694,1360,718,576,16,C,1367
88695,1360,718,576,16,C,1367
88696,1360,718,576,16,C,1367
88697,1360,718,576,16,C,1367
88698,1360,718,576,16,C,1367
88699,1360,718,576,16,C,1367
88700,1360,718,576,16,C,1367
88701,1360,718,576,16,C,1367
88702,1360,718,576,16,C,1367
88703,1360,718,576,16,C,1367
88704,1360,718,576,16,C,1367
88705,1360,718,576,16,C,1367
88706,1360,718,576,16,C,1367
88707,1360,718,576,16,C,1367
88708,1360,718,576,16,C,1367
88709,1360,718,576,16,C,1367
88710,1360,718,576,16,C,1367
88711,1360,718,576,16,C,1367
88712,1360,718,576,16,C,1367
88713,1360,718,576,16,C,1367
88714,1360,718,576,16,C,1367
88715,1360,718,576,16,C,1367
88716,1360,718,576,16,C,1367
88717,1360,718,576,16,C,1367
88718,1360,718,576,16,C,1367
88719,1360,718,576,16,C,1367
88720,1360,718,576,16,C,1367
88721,1360,718,576,16,C,1367
88722,1360,718,576,16,C,1367
88723,1360,718,576,16,C,1367
88724,1360,718,576,16,C,1367
88725,1360,718,576,16,C,1367
88726,1360,718,576,16,C,1367
88727,1360,718,576,16,C,1367
88728,1360,718,576,16,C,1367
88729,1360,718,576,16,C,1367
88730,1360,718,576,16,C,1367
88731,1360,718,576,16,C,1367
88732,1360,718,576,16,C,1367
88733,1360,718,576,16,C,1367
88734,1360,718,576,16,C,1367
88735,1360,718,576,16,C,1367
88736,1360,718,576,16,C,1367
88737,1360,718,576,16,C,1367
88738,1360,718,576,16,C,1367
88739,1360,718,576,16,C,1367
88740,1360,718,576,16,C,1367
88741,1360,718,576,16,C,1367
88742,1360,718,576,16,C,1367
88743,1360,718,576,16,C,1367
88744,1360,718,576,16,C,1367
88745,1360,718,576,16,C,1367
88746,1360,718,576,16,C,1367
88747,1360,718,576,16,C,1367
88748,1360,718,576,16,C,1367
88749,1360,718,576,16,C,1367
88750,1360,718,576,16,C,1367
88751,1360,718,576,16,C,1367
88752,1360,718,576,16,C,1367
88753,1360,718,576,16,C,1367
88754,1360,718,576,16,C,1367
88755,1360,718,576,16,C,1367
88756,1360,718,576,16,C,1367
88757,1360,718,576,16,C,1367
88758,1360,718,576,16,C,1367
88759,1360,718,576,16,C,1367
88760,1360,718,576,16,C,1367
88761,1360,718,576,16,C,1367
88762,1360,718,576,16,C,1367
88763,1360,718,576,16,C,1367
88764,1360,718,576,16,C,1367
88765,1361,719,576,16,C,1368
88766,1361,719,576,16,C,1368
88767,1361,718,576,16,C,1367
88768,1361,718,576,16,C,1367
88769,1361,719,576,16,C,1368
88770,1361,719,576,16,C,1368
88771,1361,719,576,16,C,1368
88772,1361,718,576,16,C,1367
88773,1361,719,576,16,C,1368
88774,1361,719,576,16,C,1368
88775,1361,719,576,16,C,1368
88776,1361,719,576,16,C,1368
88777,1361,719,576,16,C,1368
88778,1361,719,576,16,C,1368
88779,1361,719,576,16,C,1368
88780,1361,719,576,16,C,1368
88781,1361,719,576,16,C,1368
88782,1361,719,576,16,C,1368
88783,1361,719,576,16,C,1368
88784,1361,719,576,16,C,1368
88785,1361,719,576,16,C,1368
88786,1361,719,576,16,C,1368
88787,1361,719,576,16,C,1368
88788,1361,719,576,16,C,1368
88789,1361,719,576,16,C,1368
88790,1361,719,576,16,C,1368
88791,1361,719,576,16,C,1368
88792,1361,719,576,16,C,1368
88793,1361,719,576,16,C,1368
88794,1361,719,576,16,C,1368
88795,1361,719,576,16,C,1368
88796,1361,719,576,16,C,1368
88797,1361,719,576,16,C,1368
88798,1361,719,576,16,C,1368
88799,1361,719,576,16,C,1368
88800,1361,719,576,16,C,1368
88801,1361,719,576,16,C,1368
88802,1361,719,576,16,C,1368
88803,1361,719,576,16,C,1368
88804,1361,719,576,16,C,1368
88805,1361,719,576,16,C,1368
88806,1361,719,576,16,C,1368
88807,1361,719,576,16,C,1368
88808,1361,719,576,16,C,1368
88809,1361,719,576,16,C,1368
88810,1361,719,576,16,C,1368
88811,1361,719,576,16,C,1368
88812,1361,719,576,16,C,1368
88813,1361,719,576,16,C,1368
88814,1361,719,576,16,C,1368
88815,1361,719,576,16,C,1368
88816,1361,719,576,16,C,1368
88817,1361,719,576,16,C,1368
88818,1361,719,576,16,C,1368
88819,1361,719,576,16,C,1368
88820,1361,719,576,16,C,1368
88821,1361,719,576,16,C,1368
88822,1361,719,576,16,C,1368
88823,1361,719,576,16,C,1368
88824,1361,719,576,16,C,1368
88825,1361,719,576,16,C,1368
88826,1361,719,576,16,C,1368
88827,1361,719,576,16,C,1368
88828,1361,719,576,16,C,1368
88829,1361,719,576,16,C,1368
88830,1361,719,576,16,C,1368
88831,1361,719,576,16,C,1368
88832,1361,719,576,16,C,1368
88833,1361,719,576,16,C,1368
88834,1361,719,576,16,C,1368
88835,1361,719,576,16,C,1368
88836,1361,719,576,16,C,1368
88837,1361,719,576,16,C,1368
88838,1361,719,576,16,C,1368
88839,1361,719,576,16,C,1368
88840,1361,719,576,16,C,1368
88841,1361,719,576,16,C,1368
88842,1361,719,576,16,C,1368
88843,1361,719,576,16,C,1368
88844,1361,719,576,16,C,1368
88845,1361,719,576,16,C,1368
88846,1361,719,576,16,C,1368
88847,1361,719,576,16,C,1368
88848,1361,719,576,16,C,1368
88849,1361,719,576,16,C,1368
88850,1361,719,576,16,C,1368
88851,1361,719,576,16,C,1368
88852,1361,719,576,16,C,1368
88853,1361,719,576,16,C,1368
88854,1361,719,576,16,C,1368
88855,1361,719,576,16,C,1368
88856,1361,719,576,16,C,1368
88857,1361,719,576,16,C,1368
88858,1361,719,576,16,C,1368
88859,1361,719,576,16,C,1368
88860,1361,719,576,16,C,1368
88861,1361,719,576,16,C,1368
88862,1361,719,576,16,C,1368
88863,1361,719,576,16,C,1368
88864,1361,719,576,16,C,1368
88865,1361,719,576,16,C,1368
88866,1361,719,576,16,C,1368
88867,1361,719,576,16,C,1368
88868,1361,719,576,16,C,1368
88869,1361,719,576,16,C,1368
88870,1361,719,576,16,C,1368
88871,1361,719,576,16,C,1368
88872,1361,719,576,16,C,1368
88873,1361,719,576,16,C,1368
88874,1361,719,576,16,C,1368
88875,1361,719,576,16,C,1368
88876,1361,719,576,16,C,1368
88877,1361,719,576,16,C,1368
88878,1361,719,576,16,C,1368
88879,1362,720,576,16,C,1370
88880,1362,719,576,16,C,1368
88881,1362,719,576,16,C,1368
88882,1363,720,576,16,C,1370
88883,1363,720,576,16,C,1370
88884,1363,720,576,16,C,1370
88885,1363,720,576,16,C,1370
88886,1363,720,576,16,C,1370
88887,1363,719,576,16,C,1368
88888,1363,720,576,16,C,1370
88889,1363,720,576,16,C,1370
88890,1363,720,576,16,C,1370
88891,1363,720,576,16,C,1370
88892,1363,720,576,16,C,1370
88893,1363,720,576,16,C,1370
88894,1363,720,576,16,C,1370
88895,1363,720,576,16,C,1370
88896,1363,720,576,16,C,1370
88897,1363,720,576,16,C,1370
88898,1363,720,576,16,C,1370
88899,1363,720,576,16,C,1370
88900,1363,720,576,16,C,1370
88901,1363,720,576,16,C,1370
88902,1363,720,576,16,C,1370
88903,1363,720,576,16,C,1370
88904,1363,720,576,16,C,1370
88905,1363,720,576,16,C,1370
88906,1363,720,576,16,C,1370
88907,1363,720,576,16,C,1370
88908,1363,720,576,16,C,1370
88909,1363,720,576,16,C,1370
88910,1363,720,576,16,C,1370
88911,1363,720,576,16,C,1370
88912,1363,720,576,16,C,1370
88913,1363,720,576,16,C,1370
88914,1363,720,576,16,C,1370
88915,1363,720,576,16,C,1370
88916,1363,720,576,16,C,1370
88917,1363,720,576,16,C,1370
88918,1363,720,576,16,C,1370
88919,1363,720,576,16,C,1370
88920,1363,720,576,16,C,1370
88921,1363,720,576,16,C,1370
88922,1363,720,576,16,C,1370
88923,1363,720,576,16,C,1370
88924,1363,720,576,16,C,1370
88925,1363,720,576,16,C,1370
88926,1363,720,576,16,C,1370
88927,1363,720,576,16,C,1370
88928,1363,720,576,16,C,1370
88929,1363,720,576,16,C,1370
88930,1363,720,576,16,C,1370
88931,1363,720,576,16,C,1370
88932,1363,720,576,16,C,1370
88933,1363,720,576,16,C,1370
88934,1363,720,576,16,C,1370
88935,1363,720,576,16,C,1370
88936,1363,720,576,16,C,1370
88937,1363,720,576,16,C,1370
88938,1363,720,576,16,C,1370
88939,1363,720,576,16,C,1370
88940,1363,720,576,16,C,1370
88941,1363,720,576,16,C,1370
88942,1363,720,576,16,C,1370
88943,1363,720,576,16,C,1370
88944,1363,720,576,16,C,1370
88945,1363,720,576,16,C,1370
88946,1363,720,576,16,C,1370
88947,1363,720,576,16,C,1370
88948,1363,720,576,16,C,1370
88949,1363,720,576,16,C,1370
88950,1364,721,576,16,C,1372
88951,1365,721,576,16,C,1372
88952,1365,721,576,16,C,1372
88953,1365,721,576,16,C,1372
88954,1365,721,576,16,C,1372
88955,1365,721,576,16,C,1372
88956,1365,721,576,16,C,1372
88957,1365,721,576,16,C,1372
88958,1365,721,576,16,C,1372
88959,1365,721,576,16,C,1372
88960,1365,721,576,16,C,1372
88961,1365,721,576,16,C,1372
88962,1365,721,576,16,C,1372
88963,1365,721,576,16,C,1372
88964,1365,721,576,16,C,1372
88965,1365,721,576,16,C,1372
88966,1365,721,576,16,C,1372
88967,1365,721,576,16,C,1372
88968,1365,721,576,16,C,1372
88969,1365,721,576,16,C,1372
88970,1365,721,576,16,C,1372
88971,1365,721,576,16,C,1372
88972,1365,721,576,16,C,1372
88973,1365,721,576,16,C,1372
88974,1365,721,576,16,C,1372
88975,1365,721,576,16,C,1372
88976,1365,721,576,16,C,1372
88977,1365,721,576,16,C,1372
88978,1365,721,576,16,C,1372
88979,1365,721,576,16,C,1372
88980,1365,721,576,16,C,1372
88981,1365,721,576,16,C,1372
88982,1365,721,576,16,C,1372
88983,1365,721,576,16,C,1372
88984,1365,721,576,16,C,1372
88985,1365,721,576,16,C,1372
88986,1365,721,576,16,C,1372
88988,1365,721,576,16,C,1372
88989,1365,721,576,16,C,1372
88990,1365,721,576,16,C,1372
88991,1365,721,576,16,C,1372
88992,1365,721,576,16,C,1372
88993,1365,721,576,16,C,1372
88994,1365,721,576,16,C,1372
88995,1365,721,576,16,C,1372
88996,1365,721,576,16,C,1372
88997,1365,721,576,16,C,1372
88998,1365,721,576,16,C,1372
88999,1365,721,576,16,C,1372
89000,1365,721,576,16,C,1372
89001,1365,721,576,16,C,1372
89002,1365,721,576,16,C,1372
89003,1365,721,576,16,C,1372
89004,1366,722,612,17,C,1374
89005,1367,722,612,17,C,1374
89006,1367,722,612,17,C,1374
89007,1367,722,612,17,C,1374
89008,1367,722,612,17,C,1374
89009,1367,722,612,17,C,1374
89010,1367,722,612,17,C,1374
89011,1367,722,612,17,C,1374
89012,1367,722,612,17,C,1374
89013,1367,722,612,17,C,1374
89014,1367,722,612,17,C,1374
89015,1367,722,612,17,C,1374
89016,1367,722,612,17,C,1374
89017,1367,722,612,17,C,1374
89018,1367,722,612,17,C,1374
89019,1367,722,612,17,C,1374
89020,1367,722,612,17,C,1374
89021,1367,722,612,17,C,1374
89022,1367,722,612,17,C,1374
89023,1367,722,612,17,C,1374
89024,1367,722,612,17,C,1374
89025,1367,722,612,17,C,1374
89026,1367,722,612,17,C,1374
89027,1367,722,612,17,C,1374
89028,1367,722,612,17,C,1374
89029,1367,722,612,17,C,1374
89030,1367,722,612,17,C,1374
89031,1367,722,612,17,C,1374
89032,1367,722,612,17,C,1374
89033,1367,722,612,17,C,1374
89034,1367,722,612,17,C,1374
89035,1367,722,612,17,C,1374
89036,1367,720,612,17,C,1370
89037,1367,722,612,17,C,1374
89038,1367,722,612,17,C,1374
89039,1367,722,612,17,C,1374
89040,1367,722,612,17,C,1374
89041,1367,722,612,17,C,1374
89042,1367,722,612,17,C,1374
89043,1367,722,612,17,C,1374
89044,1367,722,612,17,C,1374
89045,1367,722,612,17,C,1374
89046,1367,722,612,17,C,1374
89047,1367,722,612,17,C,1374
89048,1367,722,612,17,C,1374
89049,1367,722,612,17,C,1374
89050,1367,722,612,17,C,1374
89051,1367,722,612,17,C,1374
89052,1367,722,612,17,C,1374
89053,1367,722,612,17,C,1374
89054,1368,723,612,17,C,1376
89055,1369,723,612,17,C,1376
89056,1369,722,612,17,C,1374
89057,1369,723,612,17,C,1376
89058,1369,723,612,17,C,1376
89059,1369,723,612,17,C,1376
89060,1369,723,612,17,C,1376
89061,1369,723,612,17,C,1376
89062,1369,723,612,17,C,1376
89063,1369,723,612,17,C,1376
89064,1369,723,612,17,C,1376
89065,1369,723,612,17,C,1376
89066,1369,723,612,17,C,1376
89067,1369,723,612,17,C,1376
89068,1369,723,612,17,C,1376
89069,1369,723,612,17,C,1376
89070,1369,723,612,17,C,1376
89071,1369,723,612,17,C,1376
89072,1369,723,612,17,C,1376
89073,1369,723,612,17,C,1376
89074,1369,723,612,17,C,1376
89075,1369,723,612,17,C,1376
89076,1369,723,612,17,C,1376
89077,1369,723,612,17,C,1376
89078,1369,723,612,17,C,1376
89079,1369,723,612,17,C,1376
89080,1369,723,612,17,C,1376
89081,1369,723,612,17,C,1376
89082,1369,723,612,17,C,1376
89083,1369,723,612,17,C,1376
89084,1369,723,612,17,C,1376
89085,1369,723,612,17,C,1376
89086,1369,723,612,17,C,1376
89087,1369,723,612,17,C,1376
89088,1369,723,612,17,C,1376
89089,1369,723,612,17,C,1376
89090,1369,723,612,17,C,1376
89091,1369,723,612,17,C,1376
89092,1369,723,612,17,C,1376
89093,1369,723,612,17,C,1376
89094,1369,723,612,17,C,1376
89095,1369,723,612,17,C,1376
89096,1369,723,612,17,C,1376
89097,1369,723,612,17,C,1376
89098,1369,723,612,17,C,1376
89099,1370,724,612,17,C,1378
89100,1371,724,612,17,C,1378
89101,1371,723,612,17,C,1376
89102,1371,724,612,17,C,1378
89103,1371,724,612,17,C,1378
89104,1371,724,612,17,C,1378
89105,1371,724,612,17,C,1378
89106,1371,724,612,17,C,1378
89107,1371,724,612,17,C,1378
89108,1371,724,612,17,C,1378
89109,1371,724,612,17,C,1378
89110,1371,724,612,17,C,1378
89111,1371,724,612,17,C,1378
89112,1371,724,612,17,C,1378
89113,1371,724,612,17,C,1378
89114,1371,724,612,17,C,1378
89115,1371,724,612,17,C,1378
89116,1371,724,612,17,C,1378
89117,1371,724,612,17,C,1378
89118,1371,724,612,17,C,1378
89119,1371,724,612,17,C,1378
89120,1371,724,612,17,C,1378
89121,1371,724,612,17,C,1378
89122,1371,724,612,17,C,1378
89123,1371,724,612,17,C,1378
89124,1371,724,612,17,C,1378
89125,1371,724,612,17,C,1378
89126,1371,724,612,17,C,1378
89127,1371,724,612,17,C,1378
89128,1371,724,612,17,C,1378
89129,1371,724,612,17,C,1378
89130,1371,724,612,17,C,1378
89131,1372,725,612,17,C,1380
89132,1372,724,612,17,C,1378
89133,1372,724,612,17,C,1378
89134,1372,724,612,17,C,1378
89135,1372,724,612,17,C,1378
89136,1372,724,612,17,C,1378
89137,1372,724,612,17,C,1378
89138,1372,724,612,17,C,1378
89139,1372,724,612,17,C,1378
89140,1372,724,612,17,C,1378
89141,1372,724,612,17,C,1378
89142,1372,724,612,17,C,1378
89143,1372,724,612,17,C,1378
89144,1372,724,612,17,C,1378
89145,1372,724,612,17,C,1378
89146,1373,725,612,17,C,1380
89147,1373,725,612,17,C,1380
89148,1373,725,612,17,C,1380
89149,1373,724,612,17,C,1378
89150,1373,725,612,17,C,1380
89151,1373,725,612,17,C,1380
89152,1373,725,612,17,C,1380
89153,1373,725,612,17,C,1380
89154,1373,725,612,17,C,1380
89155,1373,725,612,17,C,1380
89156,1373,725,612,17,C,1380
89157,1373,725,612,17,C,1380
89158,1373,725,612,17,C,1380
89159,1373,725,612,17,C,1380
89160,1373,725,612,17,C,1380
89161,1373,725,612,17,C,1380
89162,1373,725,612,17,C,1380
89163,1373,725,612,17,C,1380
89164,1373,725,612,17,C,1380
89165,1373,725,612,17,C,1380
89166,1373,725,612,17,C,1380
89167,1373,725,612,17,C,1380
89168,1373,725,612,17,C,1380
89169,1373,725,612,17,C,1380
89170,1373,725,612,17,C,1380
89171,1373,725,612,17,C,1380
89172,1373,725,612,17,C,1380
89173,1373,725,612,17,C,1380
89174,1373,725,612,17,C,1380
89175,1373,725,612,17,C,1380
89176,1373,725,612,17,C,1380
89177,1373,725,612,17,C,1380
89178,1373,725,612,17,C,1380
89179,1373,725,612,17,C,1380
89180,1373,725,612,17,C,1380
89181,1373,725,612,17,C,1380
89182,1373,725,612,17,C,1380
89183,1373,725,612,17,C,1380
89184,1373,725,612,17,C,1380
89185,1373,725,612,17,C,1380
89186,1373,725,612,17,C,1380
89187,1373,725,612,17,C,1380
89188,1374,726,612,17,C,1382
89189,1374,725,612,17,C,1380
89190,1375,726,648,18,C,1382
89191,1375,726,648,18,C,1382
89192,1375,725,648,18,C,1380
89193,1375,726,648,18,C,1382
89194,1375,726,648,18,C,1382
89195,1375,726,648,18,C,1382
89196,1375,726,648,18,C,1382
89197,1375,726,648,18,C,1382
89198,1375,726,648,18,C,1382
89199,1375,726,648,18,C,1382
89200,1375,726,648,18,C,1382
89201,1375,726,648,18,C,1382
89202,1375,726,648,18,C,1382
89203,1375,726,648,18,C,1382
89204,1375,726,648,18,C,1382
89205,1375,726,648,18,C,1382
89206,1375,726,648,18,C,1382
89207,1375,726,648,18,C,1382
89208,1375,726,648,18,C,1382
89209,1375,726,648,18,C,1382
89210,1375,726,648,18,C,1382
89211,1375,726,648,18,C,1382
89212,1375,726,648,18,C,1382
89213,1375,726,648,18,C,1382
89214,1375,726,648,18,C,1382
89215,1375,726,648,18,C,1382
89216,1375,726,648,18,C,1382
89217,1375,726,648,18,C,1382
89218,1375,726,648,18,C,1382
89219,1375,726,648,18,C,1382
89220,1375,726,648,18,C,1382
89221,1375,726,648,18,C,1382
89222,1375,726,648,18,C,1382
89223,1375,726,648,18,C,1382
89224,1375,726,648,18,C,1382
89225,1375,726,648,18,C,1382
89226,1375,726,648,18,C,1382
89227,1376,727,648,18,C,1384
89228,1377,727,648,18,C,1384
89229,1377,727,648,18,C,1384
89230,1377,727,648,18,C,1384
89231,1377,727,648,18,C,1384
89232,1377,727,648,18,C,1384
89233,1377,727,648,18,C,1384
89234,1377,727,648,18,C,1384
89235,1377,727,648,18,C,1384
89236,1377,727,648,18,C,1384
89237,1377,727,648,18,C,1384
89238,1377,727,648,18,C,1384
89239,1377,727,648,18,C,1384
89240,1377,727,648,18,C,1384
89241,1377,727,648,18,C,1384
89242,1377,727,648,18,C,1384
89243,1377,727,648,18,C,1384
89244,1377,727,648,18,C,1384
89245,1377,727,648,18,C,1384
89246,1377,727,648,18,C,1384
89247,1377,727,648,18,C,1384
89248,1377,727,648,18,C,1384
89249,1377,727,648,18,C,1384
89250,1377,727,648,18,C,1384
89251,1377,727,648,18,C,1384
89252,1377,727,648,18,C,1384
89253,1377,727,648,18,C,1384
89254,1377,727,648,18,C,1384
89255,1377,727,648,18,C,1384
89256,1377,727,648,18,C,1384
89257,1377,727,648,18,C,1384
89258,1377,727,648,18,C,1384
89259,1377,727,648,18,C,1384
89260,1377,727,648,18,C,1384
89261,1378,728,648,18,C,1386
89262,1379,728,648,18,C,1386
89263,1379,728,648,18,C,1386
89264,1379,728,648,18,C,1386
89265,1379,728,648,18,C,1386
89266,1379,728,648,18,C,1386
89267,1379,728,648,18,C,1386
89268,1379,728,648,18,C,1386
89269,1379,728,648,18,C,1386
89270,1379,728,648,18,C,1386
89271,1379,728,648,18,C,1386
89272,1379,728,648,18,C,1386
89273,1379,728,648,18,C,1386
89274,1379,728,648,18,C,1386
89275,1379,728,648,18,C,1386
89276,1379,728,648,18,C,1386
89277,1379,728,648,18,C,1386
89278,1379,728,648,18,C,1386
89279,1379,728,648,18,C,1386
89280,1379,728,648,18,C,1386
89281,1379,728,648,18,C,1386
89282,1379,728,648,18,C,1386
89283,1379,728,648,18,C,1386
89284,1379,728,648,18,C,1386
89285,1379,728,648,18,C,1386
89286,1379,728,648,18,C,1386
89287,1380,729,648,18,C,1387
89288,1380,728,648,18,C,1386
89289,1380,729,648,18,C,1387
89290,1380,729,648,18,C,1387
89291,1380,729,648,18,C,1387
89292,1380,729,648,18,C,1387
89293,1380,729,648,18,C,1387
89294,1380,729,648,18,C,1387
89295,1380,729,648,18,C,1387
89296,1380,729,648,18,C,1387
89297,1380,729,648,18,C,1387
89298,1380,729,648,18,C,1387
89299,1380,729,648,18,C,1387
89300,1380,729,648,18,C,1387
89301,1380,729,648,18,C,1387
89302,1380,729,648,18,C,1387
89303,1380,729,648,18,C,1387
89304,1380,729,648,18,C,1387
89305,1380,729,648,18,C,1387
89306,1380,729,648,18,C,1387
89307,1380,729,648,18,C,1387
89308,1380,729,648,18,C,1387
89309,1380,729,648,18,C,1387
89310,1381,730,648,18,C,1389
89311,1382,730,648,18,C,1389
89312,1382,730,648,18,C,1389
89313,1382,730,648,18,C,1389
89314,1382,730,648,18,C,1389
89315,1382,730,648,18,C,1389
89316,1382,730,648,18,C,1389
89317,1382,730,648,18,C,1389
89318,1382,730,648,18,C,1389
89319,1382,730,648,18,C,1389
89320,1382,730,648,18,C,1389
89321,1382,730,648,18,C,1389
89322,1382,730,648,18,C,1389
89323,1382,730,648,18,C,1389
89324,1382,730,648,18,C,1389
89325,1382,730,648,18,C,1389
89326,1382,730,648,18,C,1389
89327,1382,730,648,18,C,1389
89328,1382,730,648,18,C,1389
89329,1383,731,648,18,C,1391
89330,1384,731,684,19,C,1391
89331,1384,731,684,19,C,1391
89332,1384,731,684,19,C,1391
89333,1384,731,684,19,C,1391
89334,1384,731,684,19,C,1391
89335,1384,731,684,19,C,1391
89336,1384,731,684,19,C,1391
89337,1384,731,684,19,C,1391
89338,1384,731,684,19,C,1391
89339,1384,731,684,19,C,1391
89340,1384,731,684,19,C,1391
89341,1384,731,684,19,C,1391
89342,1384,731,684,19,C,1391
89343,1385,732,684,19,C,1393
89344,1386,732,684,19,C,1393
89345,1386,732,684,19,C,1393
89346,1386,732,684,19,C,1393
89347,1386,732,684,19,C,1393
89348,1386,732,684,19,C,1393
89349,1386,732,684,19,C,1393
89350,1386,732,684,19,C,1393
89351,1386,732,684,19,C,1393
89352,1386,732,684,19,C,1393
89353,1386,732,684,19,C,1393
89354,1387,733,684,19,C,1395
89355,1388,733,684,19,C,1395
89356,1388,733,684,19,C,1395
89357,1388,733,684,19,C,1395
89358,1388,733,684,19,C,1395
89359,1388,733,684,19,C,1395
89360,1388,733,684,19,C,1395
89361,1388,733,684,19,C,1395
89362,1389,734,684,19,C,1397
89363,1390,734,720,20,C,1397
89364,1390,734,720,20,C,1397
89365,1390,734,720,20,C,1397
89366,1390,734,720,20,C,1397
89367,1390,734,720,20,C,1397
89368,1390,734,720,20,C,1397
89369,1390,734,720,20,C,1397
89370,1391,735,720,20,C,1399
89371,1392,735,720,20,C,1399
89372,1392,735,720,20,C,1399
89373,1392,735,720,20,C,1399
89374,1392,735,720,20,C,1399
89375,1392,735,720,20,C,1399
89376,1392,735,720,20,C,1399
89377,1393,736,864,24,C,1401
89378,1394,736,864,24,C,1401
89379,1394,736,864,24,C,1401
89380,1394,736,864,24,C,1401
89381,1395,737,864,24,C,1403
89382,1396,737,1008,28,C,1403
89383,1396,737,1008,28,C,1403
89384,1396,737,1008,28,C,1403
89385,1396,737,1008,28,C,1403
89386,1397,738,1008,28,C,1405
89387,1398,738,1008,28,C,1405
89388,1398,738,1008,28,C,1405
89389,1398,738,1008,28,C,1405
89390,1399,739,1152,32,C,1406
89391,1399,739,1152,32,C,1406
89392,1399,739,1152,32,C,1406
89393,1399,739,1152,32,C,1406
89394,1400,740,1152,32,C,1408
89395,1400,737,1152,32,C,1403
89396,1401,740,1152,32,C,1408
89397,1401,740,1152,32,C,1408
89398,1401,740,1152,32,C,1408
89399,1401,740,1152,32,C,1408
89400,1401,740,1152,32,C,1408
89401,1401,740,1152,32,C,1408
89402,1401,740,1152,32,C,1408
89403,1401,740,1152,32,C,1408
89404,1401,740,1152,32,C,1408
89405,1401,740,1152,32,C,1408
89406,1402,741,1296,36,C,1410
89407,1403,741,1296,36,C,1410
89408,1403,741,1296,36,C,1410
89409,1403,741,1296,36,C,1410
89410,1403,741,1296,36,C,1410
89411,1403,741,1296,36,C,1410
89412,1403,741,1296,36,C,1410
89413,1403,741,1296,36,C,1410
89414,1403,741,1296,36,C,1410
89415,1403,741,1296,36,C,1410
89416,1403,741,1296,36,C,1410
89417,1403,741,1296,36,C,1410
89418,1403,741,1296,36,C,1410
89419,1403,741,1296,36,C,1410
89420,1403,741,1296,36,C,1410
89421,1404,742,1296,36,C,1412
89422,1405,742,1440,40,C,1412
89423,1405,742,1440,40,C,1412
89424,1405,742,1440,40,C,1412
89425,1405,742,1440,40,C,1412
89426,1405,742,1440,40,C,1412
89427,1405,742,1440,40,C,1412
89428,1405,742,1440,40,C,1412
89429,1405,742,1440,40,C,1412
89430,1405,742,1440,40,C,1412
89431,1405,742,1440,40,C,1412
89432,1405,742,1440,40,C,1412
89433,1405,742,1440,40,C,1412
89434,1405,742,1440,40,C,1412
89435,1405,742,1440,40,C,1412
89436,1406,743,1440,40,C,1414
89437,1407,743,1440,40,C,1414
89438,1407,743,1440,40,C,1414
89439,1407,743,1440,40,C,1414
89440,1407,743,1440,40,C,1414
89441,1407,743,1440,40,C,1414
89442,1407,743,1440,40,C,1414
89443,1407,743,1440,40,C,1414
89444,1407,743,1440,40,C,1414
89445,1407,743,1440,40,C,1414
89446,1407,743,1440,40,C,1414
89447,1407,743,1440,40,C,1414
89448,1407,743,1440,40,C,1414
89449,1407,743,1440,40,C,1414
89450,1407,743,1440,40,C,1414
89451,1407,743,1440,40,C,1414
89452,1407,743,1440,40,C,1414
89453,1407,743,1440,40,C,1414
89454,1407,743,1440,40,C,1414
89455,1407,743,1440,40,C,1414
89456,1407,743,1440,40,C,1414
89457,1408,744,1584,44,C,1416
89458,1409,744,1584,44,C,1416
89459,1409,744,1584,44,C,1416
89460,1409,744,1584,44,C,1416
89461,1409,744,1584,44,C,1416
89462,1409,744,1584,44,C,1416
89463,1409,744,1584,44,C,1416
89464,1409,744,1584,44,C,1416
89465,1409,744,1584,44,C,1416
89466,1409,744,1584,44,C,1416
89467,1409,744,1584,44,C,1416
89468,1409,744,1584,44,C,1416
89469,1409,744,1584,44,C,1416
89470,1409,744,1584,44,C,1416
89471,1409,744,1584,44,C,1416
89472,1409,744,1584,44,C,1416
89473,1409,744,1584,44,C,1416
89474,1409,744,1584,44,C,1416
89475,1409,744,1584,44,C,1416
89476,1409,744,1584,44,C,1416
89477,1409,744,1584,44,C,1416
89478,1409,744,1584,44,C,1416
89479,1409,744,1584,44,C,1416
89480,1409,744,1584,44,C,1416
89481,1409,744,1584,44,C,1416
89482,1409,744,1584,44,C,1416
89483,1409,744,1584,44,C,1416
89484,1410,745,1584,44,C,1418
89485,1410,744,1584,44,C,1416
89486,1411,745,1728,48,C,1418
89487,1411,745,1728,48,C,1418
89488,1411,745,1728,48,C,1418
89489,1411,745,1728,48,C,1418
89490,1411,745,1728,48,C,1418
89491,1411,745,1728,48,C,1418
89492,1411,745,1728,48,C,1418
89493,1411,745,1728,48,C,1418
89494,1411,745,1728,48,C,1418
89495,1411,745,1728,48,C,1418
89496,1411,745,1728,48,C,1418
89497,1411,745,1728,48,C,1418
89498,1411,745,1728,48,C,1418
89499,1411,745,1728,48,C,1418
89500,1411,745,1728,48,C,1418
89501,1411,745,1728,48,C,1418
89502,1411,745,1728,48,C,1418
89503,1411,745,1728,48,C,1418
89504,1411,745,1728,48,C,1418
89505,1411,745,1728,48,C,1418
89506,1411,745,1728,48,C,1418
89507,1411,745,1728,48,C,1418
89508,1411,745,1728,48,C,1418
89509,1411,745,1728,48,C,1418
89510,1411,745,1728,48,C,1418
89511,1411,745,1728,48,C,1418
89512,1411,745,1728,48,C,1418
89513,1411,745,1728,48,C,1418
89514,1411,745,1728,48,C,1418
89515,1411,745,1728,48,C,1418
89516,1411,745,1728,48,C,1418
89517,1411,745,1728,48,C,1418
89518,1411,745,1728,48,C,1418
89519,1411,745,1728,48,C,1418
89520,1411,745,1728,48,C,1418
89521,1411,745,1728,48,C,1418
89522,1411,745,1728,48,C,1418
89523,1411,745,1728,48,C,1418
89524,1411,745,1728,48,C,1418
89525,1411,745,1728,48,C,1418
89526,1411,745,1728,48,C,1418
89527,1411,745,1728,48,C,1418
89528,1411,745,1728,48,C,1418
89529,1411,745,1728,48,C,1418
89530,1411,745,1728,48,C,1418
89531,1411,745,1728,48,C,1418
89532,1411,745,1728,48,C,1418
89533,1411,745,1728,48,C,1418
89534,1411,745,1728,48,C,1418
89535,1411,745,1728,48,C,1418
89536,1412,746,1728,48,C,1420
89537,1412,745,1728,48,C,1418
89538,1412,745,1728,48,C,1418
89539,1412,745,1728,48,C,1418
89540,1412,745,1728,48,C,1418
89541,1413,746,1728,48,C,1420
89542,1413,746,1728,48,C,1420
89543,1413,745,1728,48,C,1418
89544,1413,745,1728,48,C,1418
89545,1413,745,1728,48,C,1418
89546,1413,746,1728,48,C,1420
89547,1413,745,1728,48,C,1418
89548,1413,746,1728,48,C,1420
89549,1413,746,1728,48,C,1420
89550,1413,746,1728,48,C,1420
89551,1413,746,1728,48,C,1420
89552,1413,746,1728,48,C,1420
89553,1413,746,1728,48,C,1420
89554,1413,746,1728,48,C,1420
89555,1413,746,1728,48,C,1420
89556,1413,746,1728,48,C,1420
89557,1413,745,1728,48,C,1418
89558,1413,746,1728,48,C,1420
89559,1413,746,1728,48,C,1420
89560,1413,746,1728,48,C,1420
89561,1413,746,1728,48,C,1420
89562,1413,746,1728,48,C,1420
89563,1413,746,1728,48,C,1420
89564,1413,746,1728,48,C,1420
89565,1413,746,1728,48,C,1420
89566,1413,746,1728,48,C,1420
89567,1413,746,1728,48,C,1420
89568,1413,746,1728,48,C,1420
89569,1413,746,1728,48,C,1420
89570,1413,746,1728,48,C,1420
89571,1413,746,1728,48,C,1420
89572,1413,746,1728,48,C,1420
89573,1413,746,1728,48,C,1420
89574,1413,746,1728,48,C,1420
89575,1413,746,1728,48,C,1420
89576,1413,746,1728,48,C,1420
89577,1413,746,1728,48,C,1420
89578,1413,746,1728,48,C,1420
89579,1413,746,1728,48,C,1420
89580,1413,746,1728,48,C,1420
89581,1413,746,1728,48,C,1420
89582,1413,746,1728,48,C,1420
89583,1413,746,1728,48,C,1420
89584,1413,746,1728,48,C,1420
89585,1413,746,1728,48,C,1420
89586,1413,746,1728,48,C,1420
89587,1413,746,1728,48,C,1420
89588,1413,746,1728,48,C,1420
89589,1413,746,1728,48,C,1420
89590,1413,746,1728,48,C,1420
89591,1413,746,1728,48,C,1420
89592,1413,746,1728,48,C,1420
89593,1413,746,1728,48,C,1420
89594,1413,746,1728,48,C,1420
89595,1413,746,1728,48,C,1420
89596,1413,746,1728,48,C,1420
89597,1413,746,1728,48,C,1420
89598,1413,746,1728,48,C,1420
89599,1413,746,1728,48,C,1420
89600,1413,746,1728,48,C,1420
89601,1413,746,1728,48,C,1420
89602,1413,746,1728,48,C,1420
89603,1413,746,1728,48,C,1420
89604,1413,746,1728,48,C,1420
89605,1413,746,1728,48,C,1420
89606,1413,746,1728,48,C,1420
89607,1413,746,1728,48,C,1420
89608,1413,746,1728,48,C,1420
89609,1413,746,1728,48,C,1420
89610,1413,746,1728,48,C,1420
89611,1413,746,1728,48,C,1420
89612,1413,746,1728,48,C,1420
89613,1413,746,1728,48,C,1420
89614,1413,746,1728,48,C,1420
89615,1413,746,1728,48,C,1420
89616,1413,746,1728,48,C,1420
89617,1413,746,1728,48,C,1420
89618,1413,746,1728,48,C,1420
89619,1413,746,1728,48,C,1420
89620,1413,746,1728,48,C,1420
89621,1413,746,1728,48,C,1420
89622,1413,746,1728,48,C,1420
89623,1413,746,1728,48,C,1420
89624,1413,746,1728,48,C,1420
89625,1413,746,1728,48,C,1420
89626,1413,746,1728,48,C,1420
89627,1413,746,1728,48,C,1420
89628,1413,746,1728,48,C,1420
89629,1413,746,1728,48,C,1420
89630,1413,746,1728,48,C,1420
89631,1413,746,1728,48,C,1420
89632,1413,746,1728,48,C,1420
89633,1413,746,1728,48,C,1420
89634,1413,746,1728,48,C,1420
89635,1413,746,1728,48,C,1420
89636,1413,746,1728,48,C,1420
89637,1413,746,1728,48,C,1420
89638,1413,746,1728,48,C,1420
89639,1413,746,1728,48,C,1420
89640,1413,746,1728,48,C,1420
89641,1413,746,1728,48,C,1420
89642,1413,746,1728,48,C,1420
89643,1413,746,1728,48,C,1420
89644,1413,746,1728,48,C,1420
89645,1413,746,1728,48,C,1420
89646,1413,746,1728,48,C,1420
89647,1413,746,1728,48,C,1420
89648,1413,746,1728,48,C,1420
89649,1413,746,1728,48,C,1420
89650,1413,746,1728,48,C,1420
89651,1413,746,1728,48,C,1420
89652,1413,746,1728,48,C,1420
89653,1413,746,1728,48,C,1420
89654,1413,746,1728,48,C,1420
89655,1413,746,1728,48,C,1420
89656,1413,746,1728,48,C,1420
89657,1413,746,1728,48,C,1420
89658,1413,746,1728,48,C,1420
89659,1413,746,1728,48,C,1420
89660,1413,746,1728,48,C,1420
89661,1413,746,1728,48,C,1420
89662,1413,746,1728,48,C,1420
89663,1413,746,1728,48,C,1420
89664,1413,746,1728,48,C,1420
89665,1413,746,1728,48,C,1420
89666,1413,746,1728,48,C,1420
89667,1413,746,1728,48,C,1420
89668,1413,746,1728,48,C,1420
89669,1413,746,1728,48,C,1420
89670,1413,746,1728,48,C,1420
89671,1413,746,1728,48,C,1420
89672,1413,746,1728,48,C,1420
89673,1413,746,1728,48,C,1420
89674,1413,746,1728,48,C,1420
89675,1413,746,1728,48,C,1420
89676,1413,746,1728,48,C,1420
89677,1413,746,1728,48,C,1420
89678,1413,746,1728,48,C,1420
89679,1413,746,1728,48,C,1420
89680,1413,746,1728,48,C,1420
89681,1413,746,1728,48,C,1420
89682,1413,746,1728,48,C,1420
89683,1413,746,1728,48,C,1420
89684,1413,746,1728,48,C,1420
89685,1413,746,1728,48,C,1420
89686,1413,746,1728,48,C,1420
89687,1413,746,1728,48,C,1420
89688,1413,746,1728,48,C,1420
89689,1413,746,1728,48,C,1420
89690,1413,746,1728,48,C,1420
89691,1413,746,1728,48,C,1420
89692,1413,746,1728,48,C,1420
89693,1413,746,1728,48,C,1420
89694,1413,746,1728,48,C,1420
89695,1413,746,1728,48,C,1420
89696,1413,746,1728,48,C,1420
89697,1413,746,1728,48,C,1420
89698,1413,746,1728,48,C,1420
89699,1413,746,1728,48,C,1420
89700,1413,746,1728,48,C,1420
89701,1413,746,1728,48,C,1420
89702,1413,746,1728,48,C,1420
89703,1413,746,1728,48,C,1420
89704,1413,746,1728,48,C,1420
89705,1413,746,1728,48,C,1420
89706,1413,746,1728,48,C,1420
89707,1413,746,1728,48,C,1420
89708,1413,746,1728,48,C,1420
89709,1413,746,1728,48,C,1420
89710,1413,746,1728,48,C,1420
89711,1413,746,1728,48,C,1420
89712,1413,746,1728,48,C,1420
89713,1413,746,1728,48,C,1420
89714,1413,746,1728,48,C,1420
89715,1413,746,1728,48,C,1420
89716,1413,746,1728,48,C,1420
89717,1413,746,1728,48,C,1420
89718,1413,746,1728,48,C,1420
89719,1413,746,1728,48,C,1420
89720,1413,746,1728,48,C,1420
89721,1413,746,1728,48,C,1420
89722,1413,746,1728,48,C,1420
89723,1413,746,1728,48,C,1420
89724,1413,746,1728,48,C,1420
89725,1413,746,1728,48,C,1420
89726,1413,746,1728,48,C,1420
89727,1413,746,1728,48,C,1420
89728,1413,746,1728,48,C,1420
89729,1413,746,1728,48,C,1420
89730,1413,746,1728,48,C,1420
89731,1413,746,1728,48,C,1420
89732,1413,746,1728,48,C,1420
89733,1413,746,1728,48,C,1420
89734,1413,746,1728,48,C,1420
89735,1413,746,1728,48,C,1420
89736,1413,746,1728,48,C,1420
89737,1413,746,1728,48,C,1420
89738,1413,746,1728,48,C,1420
89739,1413,746,1728,48,C,1420
89740,1413,746,1728,48,C,1420
89741,1413,746,1728,48,C,1420
89742,1413,746,1728,48,C,1420
89743,1413,746,1728,48,C,1420
89744,1413,746,1728,48,C,1420
89745,1413,746,1728,48,C,1420
89746,1413,746,1728,48,C,1420
89747,1413,746,1728,48,C,1420
89748,1413,746,1728,48,C,1420
89749,1413,746,1728,48,C,1420
89750,1413,746,1728,48,C,1420
89751,1413,746,1728,48,C,1420
89752,1413,746,1728,48,C,1420
89753,1413,746,1728,48,C,1420
89754,1413,746,1728,48,C,1420
89755,1413,744,1728,48,C,1416
89756,1413,746,1728,48,C,1420
89757,1413,746,1728,48,C,1420
89758,1413,746,1728,48,C,1420
89759,1413,746,1728,48,C,1420
89760,1413,746,1728,48,C,1420
89761,1413,746,1728,48,C,1420
89762,1413,746,1728,48,C,1420
89763,1413,746,1728,48,C,1420
89764,1413,746,1728,48,C,1420
89765,1413,746,1728,48,C,1420
89766,1413,746,1728,48,C,1420
89767,1413,746,1728,48,C,1420
89768,1413,746,1728,48,C,1420
89769,1413,746,1728,48,C,1420
89770,1413,746,1728,48,C,1420
89771,1413,746,1728,48,C,1420
89772,1413,746,1728,48,C,1420
89773,1413,746,1728,48,C,1420
89774,1413,746,1728,48,C,1420
89775,1413,746,1728,48,C,1420
89776,1413,746,1728,48,C,1420
89777,1413,746,1728,48,C,1420
89778,1413,746,1728,48,C,1420
89779,1413,746,1728,48,C,1420
89780,1413,746,1728,48,C,1420
89781,1413,746,1728,48,C,1420
89782,1413,746,1728,48,C,1420
89783,1413,746,1728,48,C,1420
89784,1413,746,1728,48,C,1420
89785,1413,746,1728,48,C,1420
89786,1413,746,1728,48,C,1420
89787,1413,746,1728,48,C,1420
89788,1413,746,1728,48,C,1420
89789,1413,746,1728,48,C,1420
89790,1413,746,1728,48,C,1420
89791,1413,746,1728,48,C,1420
89792,1413,746,1728,48,C,1420
89793,1413,746,1728,48,C,1420
89794,1413,746,1728,48,C,1420
89795,1413,746,1728,48,C,1420
89796,1413,746,1728,48,C,1420
89797,1413,746,1728,48,C,1420
89798,1413,746,1728,48,C,1420
89799,1413,746,1728,48,C,1420
89800,1413,746,1728,48,C,1420
89801,1413,746,1728,48,C,1420
89802,1413,746,1728,48,C,1420
89803,1413,746,1728,48,C,1420
89804,1413,746,1728,48,C,1420
89805,1413,746,1728,48,C,1420
89806,1413,746,1728,48,C,1420
89807,1413,746,1728,48,C,1420
89808,1413,746,1728,48,C,1420
89809,1413,746,1728,48,C,1420
89810,1413,746,1728,48,C,1420
89811,1413,746,1728,48,C,1420
89812,1413,746,1728,48,C,1420
89813,1413,746,1728,48,C,1420
89814,1413,746,1728,48,C,1420
89815,1413,746,1728,48,C,1420
89816,1413,746,1728,48,C,1420
89817,1413,746,1728,48,C,1420
89818,1413,746,1728,48,C,1420
89819,1413,746,1728,48,C,1420
89820,1413,746,1728,48,C,1420
89821,1413,746,1728,48,C,1420
89822,1413,746,1728,48,C,1420
89823,1413,746,1728,48,C,1420
89824,1413,746,1728,48,C,1420
89825,1413,746,1728,48,C,1420
89826,1413,746,1728,48,C,1420
89827,1413,746,1728,48,C,1420
PC: 'Raising from 14.2 to 14.6V89828,1413,746,1728,48,C,1420

Unknown command ['Raising from 14.2 to 14.6V].
H for Help

89829,1413,746,1728,48,C,1420
89830,1414,750,1872,52,C,1427
89831,1418,763,2052,57,C,1452
89832,1422,765,2232,62,C,1456
89833,1426,766,2448,68,C,1458
89834,1430,766,2628,73,C,1458
89835,1433,767,2772,77,C,1460
89836,1436,767,2916,81,C,1460
89837,1439,767,3060,85,C,1460
89838,1441,767,3060,85,C,1460
89839,1443,767,3240,90,C,1460
89840,1445,767,3240,90,C,1460
89841,1446,767,3384,94,C,1460
89842,1447,767,3384,94,C,1460
89843,1448,767,3384,94,C,1460
89844,1449,767,3528,98,C,1460
89845,1450,767,3528,98,C,1460
89846,1451,767,3528,98,C,1460
89847,1452,767,3600,100,C,1460
89848,1453,767,3600,100,C,1460
89849,1453,767,3600,100,C,1460
89850,1453,767,3600,100,C,1460
89851,1453,767,3600,100,C,1460
89852,1453,767,3600,100,C,1460
89853,1453,767,3600,100,C,1460
89854,1453,767,3600,100,C,1460
89855,1453,767,3600,100,C,1460
89856,1453,767,3600,100,C,1460
89857,1453,767,3600,100,C,1460
89858,1453,767,3600,100,C,1460
89859,1453,767,3600,100,C,1460
89860,1453,767,3600,100,C,1460
89861,1453,767,3600,100,C,1460
89862,1453,767,3600,100,C,1460
89863,1453,767,3600,100,C,1460
89864,1453,767,3600,100,C,1460
89865,1453,767,3600,100,C,1460
89866,1453,767,3600,100,C,1460
89867,1453,767,3600,100,C,1460
89868,1453,767,3600,100,C,1460
89869,1453,767,3600,100,C,1460
89870,1453,767,3600,100,C,1460
89871,1453,767,3600,100,C,1460
89872,1453,767,3600,100,C,1460
89873,1453,767,3600,100,C,1460
89874,1453,767,3600,100,C,1460
89875,1453,767,3600,100,C,1460
89876,1453,767,3600,100,C,1460
89877,1453,767,3600,100,C,1460
89878,1453,767,3600,100,C,1460
89879,1453,767,3600,100,C,1460
89880,1453,767,3600,100,C,1460
89881,1453,767,3600,100,C,1460
89882,1453,767,3600,100,C,1460
89883,1453,767,3600,100,C,1460
89884,1453,767,3600,100,C,1460
89885,1453,767,3600,100,C,1460
89886,1453,767,3600,100,C,1460
89887,1453,767,3600,100,C,1460
89888,1453,767,3600,100,C,1460
89889,1453,767,3600,100,C,1460
89890,1453,767,3600,100,C,1460
89891,1453,767,3600,100,C,1460
89892,1453,767,3600,100,C,1460
89893,1453,767,3600,100,C,1460
89894,1453,767,3600,100,C,1460
89895,1453,767,3600,100,C,1460
89896,1453,767,3600,100,C,1460
89897,1453,767,3600,100,C,1460
89898,1453,767,3600,100,C,1460
89899,1453,767,3600,100,C,1460
89900,1453,767,3600,100,C,1460
89901,1453,767,3600,100,C,1460
89902,1453,767,3600,100,C,1460
89903,1453,767,3600,100,C,1460
89904,1453,767,3600,100,C,1460
89905,1453,767,3600,100,C,1460
89906,1453,767,3600,100,C,1460
89907,1453,767,3600,100,C,1460
89908,1453,767,3600,100,C,1460
89909,1453,767,3600,100,C,1460
89910,1453,767,3600,100,C,1460
89911,1453,767,3600,100,C,1460
89912,1453,767,3600,100,C,1460
89913,1453,767,3600,100,C,1460
89914,1453,767,3600,100,C,1460
89915,1453,767,3600,100,C,1460
89916,1453,767,3600,100,C,1460
89917,1453,767,3600,100,C,1460
89918,1453,767,3600,100,C,1460
89919,1453,767,3600,100,C,1460
89920,1453,767,3600,100,C,1460
89921,1453,767,3600,100,C,1460
89922,1453,767,3600,100,C,1460
89923,1453,767,3600,100,C,1460
89924,1453,767,3600,100,C,1460
89925,1453,767,3600,100,C,1460
89926,1453,767,3600,100,C,1460
89927,1453,767,3600,100,C,1460
89928,1453,767,3600,100,C,1460
89929,1453,767,3600,100,C,1460
89930,1453,767,3600,100,C,1460
89931,1453,767,3600,100,C,1460
89932,1453,767,3600,100,C,1460
89933,1453,767,3600,100,C,1460
89934,1453,767,3600,100,C,1460
89935,1453,767,3600,100,C,1460
89936,1453,767,3600,100,C,1460
89937,1453,767,3600,100,C,1460
89938,1453,767,3600,100,C,1460
89939,1453,767,3600,100,C,1460
89940,1453,767,3600,100,C,1460
89941,1453,767,3600,100,C,1460
89942,1453,767,3600,100,C,1460
89943,1453,767,3600,100,C,1460
89944,1453,767,3600,100,C,1460
89945,1453,767,3600,100,C,1460
89946,1453,767,3600,100,C,1460
89947,1453,767,3600,100,C,1460
89948,1453,767,3600,100,C,1460
89949,1453,767,3600,100,C,1460
89950,1453,767,3600,100,C,1460
89951,1453,767,3600,100,C,1460
89952,1453,767,3600,100,C,1460
89953,1453,767,3600,100,C,1460
89954,1453,767,3600,100,C,1460
89955,1453,767,3600,100,C,1460
89956,1453,767,3600,100,C,1460
89957,1453,767,3600,100,C,1460
89958,1453,767,3600,100,C,1460
89959,1453,767,3600,100,C,1460
89960,1453,767,3600,100,C,1460
89961,1453,767,3600,100,C,1460
89962,1453,767,3600,100,C,1460
89964,1453,767,3600,100,C,1460
89965,1453,767,3600,100,C,1460
89966,1453,767,3600,100,C,1460
89967,1453,767,3600,100,C,1460
89968,1453,767,3600,100,C,1460
89969,1453,767,3600,100,C,1460
89970,1453,767,3600,100,C,1460
89971,1453,767,3600,100,C,1460
89972,1453,767,3600,100,C,1460
89973,1453,767,3600,100,C,1460
89974,1453,767,3600,100,C,1460
89975,1453,767,3600,100,C,1460
89976,1453,767,3600,100,C,1460
89977,1453,767,3600,100,C,1460
89978,1453,767,3600,100,C,1460
89979,1453,767,3600,100,C,1460
89980,1453,767,3600,100,C,1460
89981,1453,767,3600,100,C,1460
89982,1453,767,3600,100,C,1460
89983,1453,767,3600,100,C,1460
89984,1453,767,3600,100,C,1460
89985,1453,767,3600,100,C,1460
89986,1453,767,3600,100,C,1460
89987,1453,767,3600,100,C,1460
89988,1453,767,3600,100,C,1460
89989,1453,767,3600,100,C,1460
89990,1453,767,3600,100,C,1460
89991,1453,767,3600,100,C,1460
89992,1453,767,3600,100,C,1460
89993,1453,767,3600,100,C,1460
89994,1453,767,3600,100,C,1460
89995,1453,767,3600,100,C,1460
89996,1453,767,3600,100,C,1460
89997,1453,767,3600,100,C,1460
89998,1453,767,3600,100,C,1460
89999,1453,767,3600,100,C,1460
90000,1453,767,3600,100,C,1460
90001,1453,767,3600,100,C,1460
90002,1453,767,3600,100,C,1460
90003,1453,767,3600,100,C,1460
90004,1453,767,3600,100,C,1460
90005,1453,767,3600,100,C,1460
90006,1453,767,3600,100,C,1460
90007,1453,767,3600,100,C,1460
90008,1453,767,3600,100,C,1460
90009,1453,767,3600,100,C,1460
90010,1453,767,3600,100,C,1460
90011,1453,767,3600,100,C,1460
90012,1453,767,3600,100,C,1460
90013,1453,767,3600,100,C,1460
90014,1453,767,3600,100,C,1460
90015,1453,767,3600,100,C,1460
90016,1453,767,3600,100,C,1460
90017,1453,767,3600,100,C,1460
90018,1453,767,3600,100,C,1460
90019,1453,767,3600,100,C,1460
90020,1453,767,3600,100,C,1460
90021,1453,767,3600,100,C,1460
90022,1453,767,3600,100,C,1460
90023,1453,767,3600,100,C,1460
90024,1453,767,3600,100,C,1460
90025,1453,767,3600,100,C,1460
90026,1453,767,3600,100,C,1460
90027,1453,767,3600,100,C,1460
90028,1453,767,3600,100,C,1460
90029,1453,767,3600,100,C,1460
90030,1453,767,3600,100,C,1460
90031,1453,767,3600,100,C,1460
90032,1453,767,3600,100,C,1460
90033,1453,767,3600,100,C,1460
90034,1453,767,3600,100,C,1460
90035,1453,767,3600,100,C,1460
90036,1453,767,3600,100,C,1460
90037,1453,767,3600,100,C,1460
90038,1453,767,3600,100,C,1460
90039,1453,767,3600,100,C,1460
90040,1453,767,3600,100,C,1460
90041,1453,767,3600,100,C,1460
90042,1453,767,3600,100,C,1460
90043,1453,767,3600,100,C,1460
90044,1453,767,3600,100,C,1460
90045,1453,767,3600,100,C,1460
90046,1453,767,3600,100,C,1460
90047,1453,767,3600,100,C,1460
90048,1453,767,3600,100,C,1460
90049,1453,767,3600,100,C,1460
90050,1453,767,3600,100,C,1460
90051,1453,767,3600,100,C,1460
90052,1453,767,3600,100,C,1460
90053,1453,767,3600,100,C,1460
90054,1453,767,3600,100,C,1460
90055,1453,767,3600,100,C,1460
90056,1453,767,3600,100,C,1460
90057,1453,767,3600,100,C,1460
90058,1453,767,3600,100,C,1460
90059,1453,767,3600,100,C,1460
90060,1453,767,3600,100,C,1460
90061,1453,767,3600,100,C,1460
90062,1453,767,3600,100,C,1460
90063,1453,767,3600,100,C,1460
90064,1453,767,3600,100,C,1460
90065,1453,767,3600,100,C,1460
90066,1453,767,3600,100,C,1460
90067,1453,767,3600,100,C,1460
90068,1453,767,3600,100,C,1460
90069,1453,767,3600,100,C,1460
90070,1453,767,3600,100,C,1460
90071,1453,767,3600,100,C,1460
90072,1453,767,3600,100,C,1460
90073,1453,767,3600,100,C,1460
90074,1453,767,3600,100,C,1460
90075,1453,767,3600,100,C,1460
90076,1453,767,3600,100,C,1460
90077,1453,767,3600,100,C,1460
90078,1453,767,3600,100,C,1460
90079,1453,767,3600,100,C,1460
90080,1453,767,3600,100,C,1460
90081,1453,767,3600,100,C,1460
90082,1453,767,3600,100,C,1460
90083,1453,767,3600,100,C,1460
90084,1453,767,3600,100,C,1460
90085,1453,767,3600,100,C,1460
90086,1453,767,3600,100,C,1460
90087,1453,767,3600,100,C,1460
90088,1453,767,3600,100,C,1460
90089,1453,767,3600,100,C,1460
90090,1453,767,3600,100,C,1460
90091,1454,768,3600,100,C,1462
90092,1454,767,3600,100,C,1460
90093,1454,767,3600,100,C,1460
90094,1454,767,3600,100,C,1460
90095,1454,767,3600,100,C,1460
90096,1454,767,3600,100,C,1460
90097,1454,767,3600,100,C,1460
90098,1454,767,3600,100,C,1460
90099,1454,767,3600,100,C,1460
90100,1454,767,3600,100,C,1460
90101,1454,767,3600,100,C,1460
90102,1454,767,3600,100,C,1460
90103,1454,767,3600,100,C,1460
90104,1454,767,3600,100,C,1460
90105,1454,767,3600,100,C,1460
90106,1454,767,3600,100,C,1460
90107,1454,767,3600,100,C,1460
90108,1454,767,3600,100,C,1460
90109,1454,767,3600,100,C,1460
90110,1454,767,3600,100,C,1460
90111,1454,767,3600,100,C,1460
90112,1454,767,3600,100,C,1460
90113,1454,765,3600,100,C,1456
90114,1454,767,3600,100,C,1460
90115,1454,767,3600,100,C,1460
90116,1454,767,3600,100,C,1460
90117,1454,767,3600,100,C,1460
90118,1454,767,3600,100,C,1460
90119,1454,767,3600,100,C,1460
90120,1454,767,3600,100,C,1460
90121,1454,767,3600,100,C,1460
90122,1454,767,3600,100,C,1460
90123,1454,767,3600,100,C,1460
90124,1454,767,3600,100,C,1460
90125,1454,767,3600,100,C,1460
90126,1454,767,3600,100,C,1460
90127,1454,767,3600,100,C,1460
90128,1454,767,3600,100,C,1460
90129,1454,767,3600,100,C,1460
90130,1454,767,3600,100,C,1460
90131,1454,767,3600,100,C,1460
90132,1454,767,3600,100,C,1460
90133,1454,767,3600,100,C,1460
90134,1454,767,3600,100,C,1460
90135,1454,767,3600,100,C,1460
90136,1454,767,3600,100,C,1460
90137,1454,767,3600,100,C,1460
90138,1454,767,3600,100,C,1460
90139,1454,767,3600,100,C,1460
90140,1454,767,3600,100,C,1460
90141,1454,767,3600,100,C,1460
90142,1454,767,3600,100,C,1460
90143,1454,767,3600,100,C,1460
90144,1454,766,3600,100,C,1458
90145,1454,766,3600,100,C,1458
90146,1454,766,3600,100,C,1458
90147,1454,766,3600,100,C,1458
90148,1454,766,3600,100,C,1458
90149,1454,766,3600,100,C,1458
90150,1454,766,3600,100,C,1458
90151,1454,767,3600,100,C,1460
90152,1454,766,3600,100,C,1458
90153,1454,766,3600,100,C,1458
90154,1454,766,3600,100,C,1458
90155,1454,766,3600,100,C,1458
90156,1454,766,3600,100,C,1458
90157,1454,766,3600,100,C,1458
90158,1454,766,3600,100,C,1458
90159,1454,766,3600,100,C,1458
90160,1454,767,3600,100,C,1460
90161,1454,767,3600,100,C,1460
90162,1454,767,3600,100,C,1460
90163,1454,767,3600,100,C,1460
90164,1454,767,3600,100,C,1460
90165,1454,767,3600,100,C,1460
90166,1454,767,3600,100,C,1460
90167,1454,767,3600,100,C,1460
90168,1454,767,3600,100,C,1460
90169,1454,767,3600,100,C,1460
90170,1454,767,3600,100,C,1460
90171,1454,767,3600,100,C,1460
PC: 'Stopp Charge
Unknown command ['Stopp Charge].
H for Help

90172,1454,767,3600,100,C,1460
90173,1454,767,3600,100,C,1460
90174,1454,767,3600,100,C,1460
90175,1454,767,3600,100,C,1460
90176,1454,767,3600,100,C,1460
90177,1454,766,3600,100,C,1458
90178,1454,766,3600,100,C,1458
90179,1454,766,3600,100,C,1458
90180,1454,766,3600,100,C,1458
90181,1454,766,3600,100,C,1458
90182,1454,766,3600,100,C,1458
90183,1454,766,3600,100,C,1458
90184,1454,766,3600,100,C,1458
90185,1454,766,3600,100,C,1458
90186,1454,766,3600,100,C,1458
90187,1454,766,3600,100,C,1458
90188,1454,766,3600,100,C,1458
